crown_id	AC	LI	OT	PI	QU	
624	1.49869310021e-13	2.00253112754e-15	2.57223310278e-13	0.731896897862	0.268103102138	
624	1.32325816556e-13	1.30746091114e-15	2.84795692521e-13	0.645925410244	0.354074589756	
624	1.00837458478e-13	1.56001287513e-15	2.38513316113e-13	0.472097609171	0.527902390828	
624	9.76658829574e-14	8.76802973769e-16	9.42233462525e-14	0.637694809112	0.362305190888	
624	1.49208142424e-13	1.52294868699e-15	3.45940715913e-13	0.693670560541	0.306329439459	
624	2.06832779634e-13	2.58039725048e-15	2.17221598504e-13	0.711970448898	0.288029551101	
624	1.12752892494e-13	9.19283879567e-16	2.57797141173e-13	0.618107090284	0.381892909715	
624	2.26611427969e-13	2.27025074908e-15	2.89928719864e-13	0.735319837144	0.264680162856	
624	7.79686018286e-14	6.66783936252e-16	1.24141131765e-13	0.566514163525	0.433485836475	
624	9.88787215933e-14	1.27236517589e-15	1.45866249362e-13	0.632811539659	0.367188460341	
624	1.37613408569e-13	1.4063749737e-15	3.1875445889e-13	0.644024496204	0.355975503796	
624	1.46883115e-13	1.5063494821e-15	2.38140622686e-13	0.620451974558	0.379548025441	
624	6.78368049034e-14	5.84739148923e-16	1.0687183585e-13	0.53976778944	0.460232210559	
621	5.36327293636e-17	6.75377908804e-20	7.48335098321e-18	0.884711569478	0.115288430522	
621	3.00142617099e-16	5.17496831509e-19	7.09072094958e-17	0.760810448263	0.239189551737	
621	2.00506589345e-16	3.02922720212e-19	3.34359913976e-17	0.826947094459	0.173052905541	
621	7.26184545459e-17	1.02121362893e-19	9.61234998999e-18	0.882228109545	0.117771890455	
621	1.75308036979e-16	2.44182122435e-19	3.70016317894e-17	0.783701624445	0.216298375555	
621	1.27121099797e-16	1.79366598395e-19	2.19606532864e-17	0.83772132665	0.16227867335	
621	4.26753092017e-16	6.9951396973e-19	9.36868432864e-17	0.733622350313	0.266377649687	
621	7.58986109024e-17	9.80875401657e-20	1.24409508161e-17	0.842026942837	0.157973057163	
621	1.0794554983e-16	1.56388877299e-19	1.8159038103e-17	0.849507182007	0.150492817993	
621	2.60217575784e-17	3.0837626932e-20	3.33126898573e-18	0.901918252804	0.0980817471964	
621	2.87846507875e-16	4.94654769173e-19	6.31053043723e-17	0.770986950156	0.229013049844	
621	1.45144319311e-17	1.84149911566e-20	1.51805249509e-18	0.934295884417	0.0657041155829	
621	3.00580761145e-17	3.87647980506e-20	3.58242319445e-18	0.921040682905	0.0789593170947	
621	1.4386238365e-16	2.09551983764e-19	2.21131320318e-17	0.846965271833	0.153034728167	
621	6.14132024819e-17	7.93951258505e-20	7.95474600067e-18	0.884825252783	0.115174747217	
621	7.77138282457e-17	1.09865693636e-19	1.2038760612e-17	0.862372549931	0.137627450069	
621	5.6010560211e-17	7.66873131874e-20	6.6981380232e-18	0.900076340057	0.0999236599431	
621	1.23479868119e-16	1.91807345328e-19	1.813826433e-17	0.859499641433	0.140500358567	
621	6.02008580047e-17	7.51775212581e-20	9.18641383225e-18	0.856781824685	0.143218175315	
621	3.62792299773e-16	6.57120346162e-19	7.53598191894e-17	0.770143837903	0.229856162097	
621	2.68338504362e-16	4.43080147057e-19	4.9159411499e-17	0.804791277449	0.195208722551	
621	5.13369899368e-15	1.75770364537e-17	2.11632999956e-15	0.613230952689	0.386769047311	
621	1.77686720902e-15	4.34131179035e-18	5.88600765634e-16	0.628578910829	0.371421089171	
615	1.10907532116e-14	5.0996402068e-17	4.10044568583e-15	0.651371479535	0.348628520465	
615	5.00126107092e-16	8.45564893208e-19	6.3018695183e-17	0.873759561717	0.126240438283	
615	1.17014446191e-15	3.16853078322e-18	2.19190850508e-16	0.825792448053	0.174207551947	
615	1.73865898753e-15	4.88110355598e-18	3.72451638805e-16	0.735543876367	0.264456123633	
615	1.14104046492e-15	2.68674868798e-18	1.92763721087e-16	0.822668656329	0.177331343671	
615	7.73207586788e-15	2.58549526774e-17	2.68420231884e-15	0.594161214264	0.405838785736	
615	7.10388032595e-15	2.74599823027e-17	3.47674116171e-15	0.545085799471	0.454914200529	
615	5.09153327369e-14	2.22885179814e-16	1.36552638913e-14	0.659282099021	0.340717900979	
615	6.05398527248e-15	2.47253953542e-17	3.08301851846e-15	0.572621649407	0.427378350593	
614	2.30726052774e-17	3.20499774093e-20	2.65589121896e-18	0.915591880688	0.0844081193119	
614	6.82897508554e-17	9.07623430276e-20	1.22336193532e-17	0.840225421726	0.159774578274	
614	2.76658786056e-17	3.59650402151e-20	3.82462897337e-18	0.89017107764	0.10982892236	
614	9.91034828395e-17	1.52760178068e-19	2.43720356468e-17	0.769181614817	0.230818385183	
614	3.00115724261e-16	4.88553567166e-19	6.20708308561e-17	0.779290816102	0.220709183898	
614	1.39126399943e-17	1.70106207677e-20	1.60807151578e-18	0.910426153223	0.0895738467769	
614	3.92979971349e-17	5.70371774054e-20	7.26073785513e-18	0.835142749724	0.164857250276	
614	7.33637478651e-18	8.7339148133e-21	4.87760129367e-19	0.95844508011	0.0415549198897	
614	1.73191913909e-16	3.18565427685e-19	3.05091628779e-17	0.833639148938	0.166360851062	
614	4.74919797818e-16	9.82356074847e-19	1.3637258719e-16	0.711310164432	0.288689835568	
614	5.84719432419e-17	8.21894147747e-20	1.21572356679e-17	0.812981263066	0.187018736934	
614	1.46397428494e-17	1.73596699835e-20	1.81362038203e-18	0.906674815219	0.0933251847813	
614	5.07076472587e-16	8.87906766679e-19	1.16535545522e-16	0.7242619584	0.2757380416	
614	1.10919423507e-16	1.38246788632e-19	1.84249450751e-17	0.835854800462	0.164145199538	
613	2.75066371002e-14	1.26199294859e-16	4.51212968579e-14	0.766703711622	0.233296288378	
613	4.67676340011e-16	1.02558597647e-18	2.10157586905e-16	0.607159313956	0.392840686044	
613	2.51360808117e-11	5.36909146412e-13	6.54149992327e-11	0.532790194147	0.467209805762	
613	9.11911150209e-15	3.52467103771e-17	6.99895120086e-15	0.59374639322	0.40625360678	
613	7.03335244948e-16	1.58245436199e-18	3.47776309325e-16	0.573287144295	0.426712855705	
613	2.30102569794e-16	3.74966320406e-19	8.32888384073e-17	0.694004502876	0.305995497124	
613	3.87437810672e-16	7.38503434215e-19	1.56757813353e-16	0.663501616776	0.336498383224	
613	5.04992442464e-15	1.76890795986e-17	4.95851739011e-15	0.721932077651	0.278067922349	
613	3.374576964e-15	1.21371079093e-17	2.58810817388e-15	0.660100763358	0.339899236642	
613	2.53675350884e-11	6.80641879573e-13	7.80677981417e-11	0.523999149844	0.476000850051	
613	1.37456167767e-14	5.48853507687e-17	1.62154436802e-14	0.745308739632	0.254691260368	
613	4.04251981635e-16	8.72830107156e-19	1.81374133564e-16	0.606725578191	0.393274421809	
613	1.6344583406e-15	4.6469825217e-18	1.05097195392e-15	0.522686850716	0.477313149284	
613	1.26112148204e-15	2.58977444123e-18	7.51199177951e-16	0.675701337664	0.324298662336	
613	3.20864400209e-16	5.32317437344e-19	1.44755487278e-16	0.65985436236	0.34014563764	
613	2.58811479725e-16	4.40133056094e-19	9.88577638777e-17	0.665444527072	0.334555472928	
613	2.15627630498e-11	6.90181591173e-13	8.36811022387e-11	0.455470765037	0.544529234857	
613	4.75982636302e-14	2.5969652463e-16	8.1774246685e-14	0.77456716119	0.22543283881	
613	1.46525637254e-15	4.29505455107e-18	1.05021615252e-15	0.630834590309	0.369165409691	
613	6.72552364535e-16	1.70787469366e-18	3.45842239907e-16	0.593143089925	0.406856910075	
613	2.30204847926e-15	7.62692712183e-18	1.58995604328e-15	0.541855673389	0.458144326611	
613	2.61109702028e-11	6.62304936709e-13	7.58175310058e-11	0.537130324964	0.462869674934	
613	2.25884139585e-15	7.62653874773e-18	1.93961130127e-15	0.722971786124	0.277028213876	
613	7.57067225798e-16	1.83678120622e-18	4.94128638833e-16	0.744351107161	0.255648892839	
613	1.73998547608e-11	5.94691253565e-13	6.86689604016e-11	0.482843695666	0.517156304247	
603	6.76170366805e-15	2.23692388487e-17	5.82710050226e-15	0.506383733564	0.493616266436	
603	6.12844110513e-15	2.35416508411e-17	5.56834188539e-15	0.715205548726	0.284794451274	
603	5.73129773053e-15	1.86021244097e-17	7.97207660949e-15	0.76779757369	0.23220242631	
603	7.16172069224e-15	2.46664442668e-17	6.96053643218e-15	0.641920522988	0.358079477012	
603	5.26448872854e-15	1.79834974137e-17	4.3676534572e-15	0.601115318289	0.398884681711	
603	2.05248245906e-14	1.11589821565e-16	2.97902883615e-14	0.633820095726	0.366179904274	
603	7.12019768775e-15	2.75892426756e-17	7.21445480244e-15	0.687767849637	0.312232150363	
603	7.18101992013e-15	2.5660590824e-17	8.67425975424e-15	0.698058501309	0.301941498691	
603	1.57301115129e-14	6.14690163092e-17	2.74774254727e-14	0.734936686802	0.265063313198	
603	2.10801222637e-14	7.72771244463e-17	1.24307823883e-14	0.629418286235	0.370581713765	
603	8.90303615718e-15	3.23440803716e-17	6.04985167771e-15	0.706865095737	0.293134904263	
603	6.01167511171e-15	2.34637793321e-17	5.25810033832e-15	0.609095384478	0.390904615522	
603	5.8549910973e-15	1.81807570436e-17	4.31655258476e-15	0.629180125846	0.370819874154	
603	7.75202549031e-15	2.64883431616e-17	8.62778186632e-15	0.712028292048	0.287971707952	
603	1.17788688889e-14	4.41139968025e-17	1.67428183722e-14	0.694546492974	0.305453507026	
603	6.81414109731e-15	2.40555783453e-17	5.74827535437e-15	0.658805833732	0.341194166268	
600	4.24360401192e-15	1.28660026053e-17	2.32860223695e-15	0.560638201757	0.439361798243	
600	1.12607759302e-13	1.00144345935e-15	1.88983270787e-13	0.730923905867	0.269076094133	
600	1.4395209504e-13	1.24812018653e-15	1.62084206928e-13	0.717372103497	0.282627896502	
600	2.26592722333e-13	2.23024220879e-15	2.74922455066e-13	0.729703444591	0.270296555408	
600	3.71299964243e-14	2.30352146587e-16	4.27668418231e-14	0.627621253656	0.372378746344	
600	1.58076465433e-13	1.67023171311e-15	2.75624037253e-13	0.676262914478	0.323737085521	
600	6.91085790934e-14	5.33824351135e-16	1.11332177404e-13	0.666272746023	0.333727253977	
600	8.02730665242e-14	6.28118381773e-16	1.16885219522e-13	0.648435459498	0.351564540502	
600	2.15149424751e-15	5.17185490577e-18	9.3495592325e-16	0.591255419672	0.408744580328	
600	2.21672959847e-13	2.34892194269e-15	3.51186923492e-13	0.690728323524	0.309271676476	
600	2.57647078183e-15	7.03698804266e-18	1.32050046804e-15	0.601491300595	0.398508699405	
600	1.56927546963e-15	3.86688223498e-18	7.2586603691e-16	0.592429891786	0.407570108214	
600	2.9553427162e-14	1.83896406464e-16	3.48669469072e-14	0.608588651369	0.39141134863	
600	1.45268921318e-15	3.34375317412e-18	6.42107477029e-16	0.586115002147	0.413884997853	
600	3.67278002202e-15	1.13384532449e-17	1.83817761033e-15	0.603789290742	0.396210709258	
600	2.1723309533e-13	2.21570424406e-15	3.23644142083e-13	0.777057940341	0.222942059659	
600	1.18924206905e-13	1.07597974609e-15	1.96590283766e-13	0.697005405466	0.302994594534	
600	1.71307511265e-13	1.63635802966e-15	2.86647224856e-13	0.708926220168	0.291073779832	
600	1.67324117106e-14	8.90092754908e-17	1.51203252402e-14	0.599974087484	0.400025912516	
600	2.08445126969e-13	2.34388894378e-15	3.61177078358e-13	0.748447057579	0.25155294242	
600	4.33482049091e-15	1.49190211011e-17	2.8894068371e-15	0.59584372299	0.40415627701	
600	1.20060639313e-15	2.25003067888e-18	4.37905402759e-16	0.618742495406	0.381257504594	
600	1.81302126376e-13	1.76349486681e-15	2.95153215866e-13	0.683024578933	0.316975421066	
600	6.01495649767e-14	4.29355343869e-16	8.68821598177e-14	0.627622259131	0.372377740869	
599	3.65460362295e-11	1.17178472783e-12	8.20773341795e-11	0.603578939897	0.396421059984	
599	2.38487930961e-11	8.32339039021e-13	7.0604103334e-11	0.420262947555	0.57973705235	
599	1.16577762198e-14	5.53493519258e-17	1.11999522169e-14	0.657700165045	0.342299834955	
599	3.96094120147e-11	1.31029590441e-12	1.00516520998e-10	0.529415254606	0.470584745253	
599	3.23338753672e-15	9.15663788019e-18	9.91683882951e-16	0.644290198688	0.355709801312	
599	3.57140944117e-11	1.32430622352e-12	1.01843985276e-10	0.499812644478	0.500187355383	
599	4.57775376178e-15	1.65987360646e-17	2.0380214388e-15	0.629698945991	0.370301054009	
599	5.71575710976e-11	2.15803067123e-12	1.4046080487e-10	0.527266629323	0.472733370477	
599	3.60287524527e-15	1.18020108151e-17	2.12851558228e-15	0.630140629991	0.369859370009	
599	2.75194542877e-15	9.12334218695e-18	1.50084245285e-15	0.645209523993	0.354790476007	
599	1.13839750647e-10	3.13090498045e-12	1.76726184069e-10	0.647810736046	0.352189263661	
599	3.45756190857e-11	1.20797016523e-12	1.02253226263e-10	0.484406131862	0.515593868	
599	3.71033509626e-11	1.3034729077e-12	9.56839510148e-11	0.539454777464	0.460545222402	
599	7.05927795416e-11	2.11167073098e-12	1.28910903809e-10	0.575435391374	0.424564608424	
599	9.08965578001e-15	3.34960393769e-17	3.19135614701e-15	0.568590267544	0.431409732456	
599	2.15506000216e-15	6.19199520061e-18	1.04171650209e-15	0.599795008009	0.400204991991	
599	2.97811621986e-14	1.44484195042e-16	1.94538771804e-14	0.744785462449	0.25521453755	
599	8.45783921876e-15	3.87375491817e-17	4.84285437625e-15	0.600656153331	0.399343846669	
599	5.29153679395e-11	1.76720958048e-12	1.25106550196e-10	0.504364193318	0.495635806502	
599	2.17012638546e-11	7.3210289544e-13	7.02065160767e-11	0.453476820778	0.54652317913	
599	3.54275990246e-11	1.27370410476e-12	1.00122389478e-10	0.475812975754	0.524187024109	
599	4.35860479738e-12	1.02120114768e-13	1.59493670232e-11	0.602978197773	0.397021802207	
599	3.28275687721e-15	1.09172136159e-17	1.42432016534e-15	0.602431094584	0.397568905416	
599	3.5945788155e-15	1.24283528986e-17	1.56408741518e-15	0.616580017545	0.383419982455	
599	3.004177414e-11	9.59078073513e-13	7.83597621563e-11	0.510742404766	0.489257595125	
599	2.94435169372e-11	9.55506059586e-13	8.12524293233e-11	0.531207417191	0.468792582697	
599	6.55711070455e-15	2.51447901635e-17	4.28342042166e-15	0.609250477618	0.390749522382	
596	1.99143778092e-17	2.31385579753e-20	4.65584275109e-18	0.844018441104	0.155981558896	
596	1.69819416926e-16	2.17771626549e-19	6.23489598811e-17	0.666280287192	0.333719712808	
596	2.20917152369e-17	2.68360366062e-20	3.06434775528e-18	0.873918269249	0.126081730751	
596	2.40225189028e-16	5.08667980828e-19	9.0104920361e-17	0.732024696641	0.267975303359	
596	3.72018572365e-17	5.32120531338e-20	8.44766239872e-18	0.895361190627	0.104638809373	
596	3.96768140122e-17	4.92294452214e-20	9.51592296376e-18	0.824242764131	0.175757235869	
596	4.8125401213e-17	6.4016023344e-20	7.34219662481e-18	0.931768381141	0.068231618859	
596	3.42278627797e-17	4.34894389568e-20	6.88870911257e-18	0.883389999053	0.116610000947	
596	4.89485805495e-17	5.65703192954e-20	1.30104348731e-17	0.811581959006	0.188418040994	
596	1.85186056806e-17	1.88745736696e-20	3.53074090684e-18	0.8516713583	0.1483286417	
596	2.08917652728e-16	2.78103414081e-19	8.1799126068e-17	0.637544335232	0.362455664768	
596	4.83686407654e-17	7.14489197355e-20	1.18314849068e-17	0.882756751428	0.117243248572	
596	1.43962020581e-17	1.4875943761e-20	2.13990742599e-18	0.896428528277	0.103571471723	
596	1.63622122941e-15	3.12579948351e-18	6.52521056343e-16	0.619652514852	0.380347485148	
596	2.24599095425e-16	2.92744851708e-19	8.54018981762e-17	0.619725101647	0.380274898353	
596	9.95133775487e-18	1.04307541754e-20	1.6653442525e-18	0.833583416387	0.166416583613	
596	2.43083562179e-17	3.55286964485e-20	2.66451124101e-18	0.924008509831	0.0759914901689	
596	1.96683298973e-11	8.4403483913e-13	7.28517117203e-11	0.312573045313	0.687426954593	
596	3.08396059858e-17	3.3083331071e-20	5.75667272922e-18	0.854969728225	0.145030271775	
596	2.07395576965e-17	2.07453916753e-20	5.64831501409e-18	0.830439678334	0.169560321666	
596	1.35713787134e-16	1.95431250441e-19	4.21762040332e-17	0.757023428896	0.242976571104	
596	3.87289925395e-17	4.11679891672e-20	8.71517858161e-18	0.815538649281	0.184461350719	
596	3.76049136194e-17	3.87319652588e-20	7.2784911013e-18	0.841660982876	0.158339017124	
596	2.2104401031e-17	2.4947302581e-20	4.62322028361e-18	0.830532404877	0.169467595123	
596	1.54319002233e-16	2.30612066875e-19	4.96006837739e-17	0.742885418798	0.257114581202	
596	2.70341888445e-16	4.60513961801e-19	6.06142175848e-17	0.870866439469	0.129133560531	
596	5.93489655022e-17	6.89446632908e-20	1.48748171418e-17	0.791726879859	0.208273120141	
596	2.12710765026e-16	3.06345325788e-19	7.76807551757e-17	0.617563339714	0.382436660286	
596	9.3627826572e-17	1.41599347999e-19	2.48426431185e-17	0.781215587711	0.218784412289	
596	1.6995244686e-16	2.55173627736e-19	5.30376598046e-17	0.593362508135	0.406637491865	
596	1.10338452754e-16	1.3546265515e-19	3.22633012577e-17	0.720301201293	0.279698798707	
596	8.65066719669e-17	1.12340536441e-19	2.39093926058e-17	0.773470587339	0.226529412661	
596	1.12995446818e-16	1.43315608182e-19	3.42642489832e-17	0.710424818747	0.289575181253	
596	6.61794526038e-17	9.51554599579e-20	1.57360593002e-17	0.810267280622	0.189732719378	
596	3.96212488118e-17	6.45764092773e-20	1.1753645638e-17	0.87749716633	0.12250283367	
596	1.78360263563e-17	2.70528579052e-20	5.16499825968e-18	0.889958456299	0.110041543701	
596	1.89914840049e-15	5.104191233e-18	1.11491241968e-15	0.435602352413	0.564397647587	
596	1.37177732447e-17	1.38601115432e-20	2.67427513252e-18	0.871952851747	0.128047148253	
595	1.0733599886e-16	1.61277989523e-19	4.18172137934e-17	0.757561156108	0.242438843892	
595	9.14817277809e-16	1.82473426512e-18	6.54979473198e-16	0.563234916088	0.436765083912	
595	1.1218373643e-16	1.41552446248e-19	4.28704443194e-17	0.698872963655	0.301127036345	
595	9.34616685353e-17	1.25884069682e-19	4.33997299628e-17	0.720363024609	0.279636975391	
595	1.09964221259e-16	1.37191398295e-19	4.72223465291e-17	0.725089183168	0.274910816832	
595	3.43541067833e-16	5.40051505716e-19	1.75873837522e-16	0.603667316314	0.396332683686	
595	1.48913274045e-17	1.26695395081e-20	3.02945085607e-18	0.864994351261	0.135005648739	
595	2.0602982934e-17	2.31635758128e-20	5.49739303445e-18	0.807786364017	0.192213635983	
595	7.17572514913e-16	1.39555961974e-18	3.23885932784e-16	0.499352854511	0.500647145489	
595	3.90424967777e-16	6.51766152272e-19	2.36431310755e-16	0.556467784397	0.443532215603	
595	1.06106748816e-16	1.19827802754e-19	3.30092939453e-17	0.738601548806	0.261398451194	
595	5.31573847948e-17	6.44091513868e-20	2.0207337767e-17	0.820308093135	0.179691906865	
595	2.3763346234e-16	3.75867058314e-19	8.10296560787e-17	0.709524028825	0.290475971175	
595	2.29506750485e-17	2.21009996088e-20	6.45959099775e-18	0.831179230619	0.168820769381	
595	1.81923149296e-16	2.40192634505e-19	7.60027618046e-17	0.601771948418	0.398228051582	
595	2.19588498269e-17	1.97209314639e-20	5.2416424921e-18	0.824919748079	0.175080251921	
595	3.46902605117e-17	3.42780161169e-20	8.94083290133e-18	0.805622986781	0.194377013219	
595	6.04687461947e-17	6.44924818837e-20	2.10433466493e-17	0.758786894787	0.241213105213	
595	5.4384537945e-17	5.86740378397e-20	1.85319441077e-17	0.7654267409	0.2345732591	
595	8.55630954817e-16	1.31632319163e-18	3.91246369953e-16	0.601898501325	0.398101498675	
595	1.64570451969e-16	1.96297950276e-19	5.49449635486e-17	0.700355991913	0.299644008087	
595	5.44273470381e-17	6.23497914985e-20	2.3435710218e-17	0.77948214952	0.22051785048	
595	4.82300232684e-17	6.0576242451e-20	1.77659474703e-17	0.825012362407	0.174987637593	
595	1.77200216704e-17	1.74223435111e-20	4.64678238167e-18	0.84247635247	0.15752364753	
595	3.40824380219e-17	3.11107530345e-20	7.01238314447e-18	0.773382265459	0.226617734541	
595	6.91663162751e-15	2.06867885324e-17	4.98726912665e-15	0.437718601684	0.562281398316	
595	1.57177998886e-15	3.93119575245e-18	1.03673720414e-15	0.516835823826	0.483164176174	
595	1.48613163703e-17	1.37542297034e-20	4.57268800585e-18	0.841582333303	0.158417666697	
595	6.86641074093e-17	7.52726997778e-20	2.20727478647e-17	0.742658533081	0.257341466919	
595	2.10598614324e-17	2.11244514118e-20	5.7542570061e-18	0.833856408224	0.166143591776	
589	1.28479240612e-15	3.54764701187e-18	7.20148611655e-16	0.602129858902	0.397870141098	
589	2.48489457603e-15	7.81401753251e-18	1.5837296572e-15	0.599806137272	0.400193862728	
589	2.5990798778e-15	6.34756116209e-18	1.11801290082e-15	0.625683728942	0.374316271058	
589	1.42192594896e-15	3.97619956398e-18	9.13208826037e-16	0.59292160615	0.40707839385	
589	3.66095302129e-15	1.06683032975e-17	2.34540024012e-15	0.591503022054	0.408496977946	
589	3.13146443144e-16	5.18304448022e-19	1.0142408684e-16	0.703932765247	0.296067234753	
589	2.18460796785e-16	3.58033985502e-19	7.58005030768e-17	0.6768441815	0.3231558185	
589	4.71130054923e-16	8.65030366444e-19	1.80779780542e-16	0.617213496484	0.382786503516	
589	9.98056168793e-16	2.6117191787e-18	5.55308598849e-16	0.58335444069	0.41664555931	
589	2.45610580397e-16	3.99045045908e-19	6.54040881252e-17	0.759938579991	0.240061420009	
589	4.42776534609e-15	1.65387830205e-17	3.45070056455e-15	0.568942426943	0.431057573057	
589	1.81132035502e-16	2.779685397e-19	3.9020922896e-17	0.81596724854	0.18403275146	
589	1.54298242161e-16	2.35138043333e-19	3.2164749744e-17	0.831577800775	0.168422199225	
589	3.36285666851e-15	1.15476461621e-17	2.50115604281e-15	0.588706422885	0.411293577115	
589	1.11370890039e-16	1.6510400979e-19	2.00734783856e-17	0.861801529601	0.138198470399	
589	8.5647087428e-16	2.12382974057e-18	4.25077946692e-16	0.587479320929	0.412520679071	
589	2.25703354513e-15	6.52417753225e-18	1.23617064362e-15	0.609540182352	0.390459817648	
575	2.6787768037e-16	4.37994935991e-19	7.67807727719e-17	0.71486727523	0.28513272477	
575	6.70003943295e-16	1.27521425896e-18	2.73815061014e-16	0.739762222951	0.260237777049	
575	2.26165154383e-14	1.06612828792e-16	2.30619721496e-14	0.743418833433	0.256581166567	
575	1.27931118222e-15	3.47292498241e-18	5.56936593374e-16	0.651355271783	0.348644728217	
575	1.46187302183e-16	1.8841434644e-19	3.44928635672e-17	0.768266652406	0.231733347594	
575	2.03300583998e-11	5.21276343257e-13	6.39143455441e-11	0.503516832105	0.496483167811	
575	6.7491094467e-16	1.420763056e-18	2.64620437166e-16	0.640465464828	0.359534535172	
575	1.39390562954e-14	6.65773520805e-17	1.32811362792e-14	0.651378144076	0.348621855924	
575	1.66777367321e-15	4.05124976263e-18	9.37978796732e-16	0.679024338881	0.320975661119	
575	1.33870564274e-13	1.04798197906e-15	2.19820871266e-13	0.798494691959	0.201505308041	
575	3.39685264447e-15	9.72144136852e-18	1.69921469852e-15	0.717273843882	0.282726156118	
575	3.08119995304e-16	5.08340919143e-19	8.74578054955e-17	0.708518304143	0.291481695857	
575	2.72113232849e-16	3.95283948396e-19	7.68061506692e-17	0.705922251076	0.294077748924	
575	6.26506912049e-16	1.29708303436e-18	2.56612759722e-16	0.635205737126	0.364794262874	
575	2.35593478427e-11	6.41001016836e-13	6.57703528027e-11	0.473567240232	0.526432759678	
572	2.33019492202e-15	7.82348258649e-18	1.57272006956e-15	0.483476533705	0.516523466295	
572	4.63744764076e-18	5.48210364914e-21	6.57193808471e-19	0.941872907798	0.0581270922023	
572	7.48411825871e-16	1.43709550913e-18	2.01398635745e-16	0.658792309903	0.341207690097	
572	6.46540244319e-16	1.24215705295e-18	2.40724431573e-16	0.618544598926	0.381455401074	
572	2.83617341224e-16	4.50155388176e-19	8.5320750019e-17	0.570375635367	0.429624364633	
572	4.17067367726e-17	4.64526087353e-20	6.86822251329e-18	0.844867800435	0.155132199565	
572	6.86917431564e-14	3.71409826472e-16	2.58771293544e-14	0.704994406486	0.295005593513	
572	5.13428708237e-18	8.33467300414e-21	2.08658350163e-19	0.979542564652	0.0204574353478	
572	1.07951440104e-17	1.22313129206e-20	1.26261402123e-18	0.90953807688	0.0904619231195	
572	7.1481503351e-18	9.34253902303e-21	4.7460459995e-19	0.957085624952	0.0429143750481	
572	5.26477523353e-17	8.3796293816e-20	9.30048819348e-18	0.894874102083	0.105125897917	
572	2.05373804632e-17	2.19585195846e-20	3.6842806999e-18	0.862122683592	0.137877316408	
572	1.9732386878e-18	1.83481241741e-21	2.08063449457e-19	0.942882751361	0.0571172486389	
572	1.90763510332e-18	1.6497312902e-21	2.29900206392e-19	0.900127290611	0.0998727093886	
572	2.7719013505e-19	2.28827508784e-22	1.30553654322e-20	0.965392245755	0.0346077542449	
572	1.57078605585e-18	1.73133942205e-21	1.17035518235e-19	0.95801069696	0.0419893030397	
572	8.99432715322e-19	1.25051588457e-21	4.19507813055e-20	0.98167524534	0.0183247546601	
572	5.78498189471e-18	9.48978781745e-21	2.44115758118e-19	0.978482517048	0.0215174829522	
572	4.03959389541e-14	2.30379591689e-16	1.80026972464e-14	0.670002659527	0.329997340473	
572	3.26218990777e-19	2.57583411929e-22	1.61533945765e-20	0.959143616754	0.0408563832459	
572	4.01539570985e-18	5.24210783058e-21	2.32313172276e-19	0.968878406097	0.0311215939032	
572	3.00054182066e-19	2.35461572646e-22	1.41319195671e-20	0.96949144233	0.0305085576705	
572	2.35412732126e-19	1.87550818708e-22	1.20360519044e-20	0.982839117142	0.0171608828584	
572	7.60348926569e-18	8.99634750572e-21	3.47075866798e-19	0.965116393878	0.034883606122	
572	1.79561291333e-17	2.42948042425e-20	3.13871882782e-18	0.828654996482	0.171345003518	
572	9.65414916524e-18	1.2152930611e-20	8.70795944162e-19	0.914921829597	0.0850781704029	
572	2.30015851948e-18	2.99332749533e-21	2.27545919147e-19	0.94844994894	0.0515500510597	
572	8.09092699981e-19	7.79620657461e-22	3.55361395603e-20	0.984034492412	0.0159655075884	
572	2.46693767827e-18	2.67279483777e-21	1.59768718249e-19	0.945496972803	0.054503027197	
572	1.47179565182e-18	1.53120368018e-21	1.02856031662e-19	0.957732008376	0.042267991624	
572	4.97047213186e-19	3.98287246591e-22	2.96392075607e-20	0.957214325151	0.0427856748489	
572	1.03302329752e-12	1.43007996815e-14	1.44006487885e-12	0.695021881665	0.304978118332	
572	3.76400820903e-17	4.48980691647e-20	3.41294722394e-18	0.959939097779	0.0400609022213	
572	1.89805372733e-18	2.38997957223e-21	9.71297337595e-20	0.955779381057	0.0442206189435	
572	2.4871892588e-18	2.54936658954e-21	1.63316688255e-19	0.94840110886	0.0515988911395	
572	5.89412208371e-18	7.44796142419e-21	2.79590757895e-19	0.97780419187	0.0221958081303	
572	5.63049617988e-19	4.23606033025e-22	1.87353292497e-20	0.980731783843	0.0192682161574	
572	8.58509825424e-19	9.37225524842e-22	3.12504240863e-20	0.981705559953	0.0182944400465	
572	4.74572091117e-19	4.6752354479e-22	1.39386727707e-20	0.970053929751	0.0299460702487	
572	3.35285610449e-18	5.71282763394e-21	1.2759270759e-19	0.992784758911	0.00721524108855	
572	5.26705132541e-19	5.01737489359e-22	3.22651751235e-20	0.971303356298	0.0286966437017	
572	5.46918094962e-18	7.29581701845e-21	5.57622341412e-19	0.955919837442	0.0440801625579	
572	1.53417877273e-18	1.47364925494e-21	1.10675164564e-19	0.943843759443	0.0561562405571	
572	8.19198626791e-16	1.62966960052e-18	3.16584698248e-16	0.67200868633	0.32799131367	
572	3.63773865354e-18	3.63761746436e-21	2.29821529379e-19	0.927610785729	0.0723892142707	
572	7.58530460798e-19	7.00890429726e-22	4.67496040278e-20	0.963753447183	0.0362465528169	
572	2.43817460202e-18	2.35589882652e-21	1.68382519553e-19	0.946224996435	0.0537750035647	
572	3.36675549913e-18	3.74167080414e-21	1.76083638546e-19	0.958539143581	0.0414608564188	
572	2.89399143376e-18	4.11589695758e-21	2.30114257499e-19	0.965106098527	0.0348939014734	
572	2.61868970927e-18	3.46015550449e-21	2.10404541384e-19	0.967427883555	0.0325721164448	
572	2.22084976175e-18	2.65099903335e-21	7.94114021783e-20	0.980263666658	0.0197363333425	
572	1.93018678472e-18	2.09610486438e-21	1.09452367312e-19	0.95860187491	0.0413981250902	
572	4.60384037593e-19	4.66123664473e-22	1.7358377321e-20	0.980894408459	0.0191055915406	
572	9.31302161063e-19	7.67507654756e-22	4.95293345366e-20	0.956191583249	0.0438084167507	
572	8.49104254029e-19	7.39852415174e-22	7.19562109023e-20	0.955447927035	0.0445520729654	
572	1.33192370899e-18	1.23550017254e-21	7.50551458471e-20	0.94781225348	0.0521877465201	
572	1.73015832673e-18	1.80772081863e-21	7.56488859467e-20	0.967125325213	0.0328746747865	
572	1.47015736661e-18	1.92101871278e-21	6.92723160767e-20	0.98298102897	0.0170189710302	
572	7.94619683054e-17	1.03983204118e-19	7.03165590098e-18	0.913911103598	0.0860888964023	
572	4.48569105544e-19	4.58652002459e-22	3.31055020247e-20	0.975297822508	0.0247021774924	
572	5.86110646899e-18	5.83912408579e-21	5.11809958362e-19	0.897550241971	0.102449758029	
572	8.17041956385e-18	1.1396276394e-20	8.46127751379e-19	0.94072617178	0.0592738282204	
572	8.63019579684e-19	8.27190148248e-22	4.86097270894e-20	0.965963906158	0.0340360938421	
569	7.69927720334e-14	5.49090880552e-16	1.59032224435e-13	0.716690541044	0.283309458956	
569	1.63361106503e-13	1.37447134136e-15	4.01883171511e-13	0.671051461473	0.328948538526	
569	3.12101093879e-13	3.07202263211e-15	8.52496176058e-13	0.707173837435	0.292826162564	
569	3.33957708866e-13	2.38766928521e-15	8.90021816423e-13	0.720303275517	0.279696724482	
569	3.49925612771e-13	3.457579862e-15	9.62385759596e-13	0.713932562703	0.286067437296	
569	2.79673683537e-13	2.50297738792e-15	6.86721030191e-13	0.709410147948	0.290589852051	
569	3.48944996007e-13	3.41710423428e-15	9.91767528211e-13	0.652462917481	0.347537082518	
569	2.77791932288e-13	2.53141207383e-15	8.00775630577e-13	0.656832380023	0.343167619976	
569	3.24865967562e-13	3.0672691935e-15	8.45751170141e-13	0.718638101629	0.28136189837	
569	1.97904257386e-13	1.91704847919e-15	5.05120445422e-13	0.70699930105	0.293000698949	
569	3.10473939631e-13	3.16551074619e-15	8.10507425341e-13	0.64928352779	0.350716472209	
569	1.59555229478e-13	1.35600743643e-15	3.55789234755e-13	0.69154815138	0.308451848619	
569	3.66963091516e-14	2.14483721204e-16	6.52408679682e-14	0.662468500008	0.337531499992	
569	6.77767158372e-14	4.95431162209e-16	1.45845545822e-13	0.69731704692	0.30268295308	
566	1.19931786345e-16	5.35921540494e-19	3.31436680383e-18	0.99438670331	0.00561329669032	
566	5.48597103295e-18	1.75665513492e-20	1.07941280928e-19	0.997339395011	0.0026606049885	
566	4.26108754966e-16	1.25654383559e-18	1.9503080927e-17	0.973921691906	0.0260783080941	
566	7.05525466716e-18	1.81835058835e-20	2.20991276612e-19	0.992683364105	0.00731663589536	
566	2.66422633661e-16	9.5738411161e-19	9.68819698817e-18	0.987788556843	0.0122114431574	
566	2.30583897158e-18	5.22579415431e-21	5.24694383231e-20	0.996227814327	0.00377218567286	
566	1.27518312821e-16	4.33873343568e-19	5.14199615965e-18	0.987651689216	0.0123483107837	
566	4.51451118893e-18	1.27072733713e-20	1.02574591265e-19	0.996492241461	0.00350775853853	
566	2.91565274645e-16	8.54968981383e-19	1.36133988429e-17	0.978892190248	0.0211078097516	
566	1.16038732668e-17	3.53558616022e-20	3.08169852283e-19	0.994940175384	0.0050598246159	
566	5.95476772004e-18	1.78311624322e-20	1.24751593372e-19	0.995959239066	0.00404076093424	
565	7.88352728868e-19	1.38012604586e-21	1.22018631213e-20	0.997742563246	0.00225743675381	
565	1.4215276736e-16	3.92327100741e-19	8.20835563143e-18	0.96420758403	0.0357924159697	
565	6.32063712456e-20	1.07570745244e-22	8.48083337204e-22	0.998552124734	0.00144787526577	
565	2.15162542773e-20	2.98110228739e-23	2.90048620403e-22	0.998366672931	0.00163332706883	
565	3.20647041809e-20	6.14919191647e-23	2.99458641086e-22	0.999195462605	0.000804537395462	
565	4.066788022e-18	7.49568554379e-21	2.17822626066e-19	0.974410471798	0.0255895282017	
565	2.23681558945e-17	6.80994126299e-20	6.77375592491e-19	0.984011924014	0.0159880759862	
565	6.92859039542e-18	2.00209284916e-20	1.96339635564e-19	0.99174428589	0.00825571411029	
565	1.204818994e-17	2.2294056113e-20	3.6667808992e-19	0.985249225435	0.014750774565	
565	2.6545860895e-16	5.98085387845e-19	1.66493232272e-17	0.970871459284	0.0291285407165	
565	4.18129006231e-18	6.49184238352e-21	1.51074990946e-19	0.974870883933	0.0251291160673	
565	2.76850899912e-16	5.55177389285e-19	1.81332330385e-17	0.94179726013	0.0582027398702	
565	3.42750108236e-20	4.90765538653e-23	5.03813093471e-22	0.998056563097	0.00194343690342	
565	1.66411696489e-19	2.67755511007e-22	3.02458280372e-21	0.99604119859	0.00395880140976	
565	8.71155533832e-18	1.69917402546e-20	2.01652631529e-19	0.993960663096	0.00603933690446	
565	2.65993886021e-19	4.23100764379e-22	5.24092980612e-21	0.995776725564	0.00422327443648	
565	2.08567065777e-20	2.67073405036e-23	2.76008584464e-22	0.998410730675	0.00158926932513	
565	3.75121779173e-19	6.3127012557e-22	9.54320231604e-21	0.993946243517	0.00605375648251	
565	8.82161782817e-20	1.33760875206e-22	1.38950326995e-21	0.997783751018	0.00221624898164	
565	1.93810982354e-19	3.69859283751e-22	4.74103715916e-21	0.99597812673	0.00402187327031	
565	1.06737632084e-17	2.25750700776e-20	5.31292920258e-19	0.975121935838	0.0248780641621	
565	4.68412693498e-19	7.56086225703e-22	8.18294113967e-21	0.997291505761	0.00270849423942	
565	1.08674317116e-18	2.25183303612e-21	2.19629510646e-20	0.994493907943	0.00550609205673	
565	3.10218580648e-19	4.42615975879e-22	5.14131982632e-21	0.995066526599	0.00493347340149	
565	1.47852546924e-19	2.22417600188e-22	2.43974300251e-21	0.997148738639	0.00285126136065	
565	9.50013812415e-18	1.96135050784e-20	2.95253420994e-19	0.97998210096	0.0200178990404	
565	5.73734101249e-20	8.49471080193e-23	7.39363884977e-22	0.997853656419	0.00214634358064	
565	5.16563852089e-17	1.30235343015e-19	2.2196493262e-18	0.971954541388	0.0280454586123	
565	6.48272419688e-18	1.00697094154e-20	2.81302647804e-19	0.972086366923	0.0279136330766	
565	1.87474590331e-19	3.08480426833e-22	3.06003265875e-21	0.996778471536	0.00322152846416	
565	2.27148441349e-18	5.71618507162e-21	4.21825259807e-20	0.998611715933	0.00138828406668	
565	4.31423934112e-19	6.1889737271e-22	8.72651558196e-21	0.995911253931	0.00408874606907	
565	1.92161814313e-17	3.17977273751e-20	8.68456839276e-19	0.973560761411	0.0264392385894	
565	3.8493056505e-16	8.3762673641e-19	2.1932623672e-17	0.951443574643	0.0485564253574	
565	6.22361348515e-20	9.22319658978e-23	9.08353640662e-22	0.997017911698	0.00298208830213	
565	3.49903448528e-17	7.74710905495e-20	1.16304289734e-18	0.986964120793	0.0130358792068	
565	8.99558615691e-20	1.27457550221e-22	1.42121406537e-21	0.996341929081	0.00365807091898	
565	3.19088806074e-20	4.86569757626e-23	4.2212237819e-22	0.998474387736	0.001525612264	
565	1.56521832314e-19	3.5081934834e-22	3.11689283371e-21	0.997950705233	0.0020492947669	
565	4.35001199303e-18	7.07621822437e-21	1.52112334355e-19	0.981599755547	0.0184002444529	
565	2.40512272996e-18	4.38618767925e-21	7.23045907803e-20	0.991192310989	0.00880768901085	
565	1.31465568425e-17	2.97749188783e-20	5.54851133092e-19	0.977302033478	0.022697966522	
565	7.59873996023e-19	1.45587382654e-21	1.94892922509e-20	0.996244951522	0.00375504847838	
565	7.96540783912e-18	1.37294154445e-20	3.02908656054e-19	0.974915426018	0.0250845739819	
565	4.30907581635e-18	7.35768414232e-21	1.24328909181e-19	0.98681739445	0.01318260555	
565	3.11889976634e-18	5.25102537719e-21	9.37064861587e-20	0.986408043175	0.0135919568252	
565	6.52233152013e-18	1.19190892533e-20	1.87822453092e-19	0.988356892187	0.0116431078127	
565	1.91986477582e-19	4.10761602827e-22	2.40107316198e-21	0.998436158383	0.00156384161693	
565	8.69205892276e-20	1.43443477235e-22	1.6107720856e-21	0.997034172311	0.00296582768947	
565	2.0444666336e-18	3.43870391219e-21	5.48287694469e-20	0.984928455053	0.0150715449466	
565	7.49996566399e-18	1.5103442395e-20	2.44292856124e-19	0.988392964023	0.0116070359769	
565	2.85426982456e-19	5.75780426261e-22	5.82041738015e-21	0.996282211814	0.00371778818564	
565	8.31075975163e-19	1.44322129258e-21	1.73784830713e-20	0.996284513248	0.00371548675215	
565	9.72647554902e-18	1.8309092096e-20	4.1813942092e-19	0.979845210215	0.0201547897851	
565	5.0535602679e-18	1.09123294054e-20	1.59961193976e-19	0.994100483422	0.00589951657806	
565	2.06693115363e-19	4.06443220554e-22	4.50520576237e-21	0.997545954675	0.00245404532495	
565	4.54671795962e-18	8.10147625395e-21	1.29871177458e-19	0.988639788883	0.0113602111169	
565	1.86121597753e-19	3.10059175702e-22	2.92537918721e-21	0.996771007889	0.00322899211109	
565	1.43416919559e-18	2.35967420509e-21	4.68963616898e-20	0.984962164572	0.0150378354283	
565	3.1204143436e-19	4.30325868449e-22	5.6738298365e-21	0.995521026497	0.00447897350292	
565	1.25239086183e-19	1.88921287748e-22	1.77623839313e-21	0.997485282341	0.0025147176592	
565	1.58890235031e-19	2.20451099378e-22	2.6297497156e-21	0.994640507168	0.00535949283197	
565	3.15416530256e-18	5.71020179858e-21	7.05894274378e-20	0.993693152266	0.00630684773436	
565	3.04836482295e-18	7.89607584576e-21	9.90135877448e-20	0.995479634472	0.00452036552802	
565	5.79925221696e-20	7.59462238678e-23	9.13085104398e-22	0.997620491621	0.00237950837939	
565	2.00990707326e-19	2.79851730449e-22	3.96873625518e-21	0.995571501536	0.00442849846428	
565	9.96846112108e-18	2.18952386127e-20	4.06062088729e-19	0.984209226798	0.0157907732019	
565	1.22912227752e-19	1.79849728654e-22	2.28712367184e-21	0.996734596182	0.00326540381822	
565	1.82114971942e-19	2.87011329774e-22	2.69011081547e-21	0.997494211815	0.00250578818456	
565	3.76022277315e-17	8.7435052859e-20	1.70517513366e-18	0.962560507001	0.0374394929988	
565	9.08381199731e-18	1.7025764591e-20	3.69847665957e-19	0.979949459311	0.0200505406892	
565	7.68060170163e-16	2.01367587974e-18	4.91612145387e-17	0.932300062114	0.0676999378857	
565	6.74054289125e-19	1.0467671826e-21	1.63560464823e-20	0.992021347445	0.00797865255489	
565	6.71376414322e-19	1.01990124252e-21	1.7804351983e-20	0.991812089009	0.00818791099123	
565	3.86555000258e-20	6.38470709528e-23	4.72880407919e-22	0.998807398258	0.00119260174227	
565	2.58038170452e-19	4.43150979929e-22	4.03285122079e-21	0.99807562628	0.00192437372013	
565	4.25926825286e-19	8.3256420547e-22	5.86258402339e-21	0.998223814997	0.00177618500343	
565	3.42383260511e-18	5.06020060497e-21	1.12682984057e-19	0.980443198829	0.0195568011715	
555	7.99146961387e-15	2.9743242996e-17	2.88759663211e-15	0.575925111726	0.424074888274	
555	2.22403395972e-14	1.073744384e-16	1.14545807442e-14	0.661311729909	0.338688270091	
555	6.14383123704e-16	1.48155065011e-18	1.1597150809e-16	0.827170027713	0.172829972287	
555	8.75258374887e-16	1.8485866813e-18	1.99908530399e-16	0.694010736346	0.305989263654	
555	2.94783723479e-14	1.69767406158e-16	1.40585244855e-14	0.61170708836	0.38829291164	
555	6.57327125475e-15	2.16419290601e-17	1.81727631495e-15	0.630585200859	0.369414799141	
555	4.1381261547e-15	1.39574522115e-17	1.30679751326e-15	0.640704921301	0.359295078699	
555	3.00159763837e-15	7.48713037845e-18	5.75890953606e-16	0.743677123549	0.256322876451	
555	1.86834996903e-15	4.8922933853e-18	6.18764491554e-16	0.641932569914	0.358067430086	
555	5.37081221566e-15	2.07512700188e-17	1.92673055983e-15	0.628591930919	0.371408069081	
555	3.0950972676e-14	1.87753441102e-16	1.4553878169e-14	0.685887098813	0.314112901187	
555	3.54797628533e-15	1.09682361678e-17	1.11224659072e-15	0.605193977978	0.394806022022	
555	1.26634828635e-14	4.74304629754e-17	3.14018782348e-15	0.697515893627	0.302484106373	
555	4.88218464593e-15	1.92531704179e-17	2.00577779973e-15	0.640907603272	0.359092396728	
555	8.63460635444e-15	3.74660906081e-17	5.58028021661e-15	0.681742289842	0.318257710158	
555	6.01366884325e-16	1.24344442136e-18	1.15339638348e-16	0.77279770891	0.22720229109	
555	1.58513508451e-15	4.04080635e-18	3.07115468155e-16	0.73705853836	0.26294146164	
551	3.06904709382e-11	1.13694933384e-12	9.67706388494e-11	0.398509320104	0.601490679767	
551	6.108839029e-16	1.15835302461e-18	3.00112803006e-16	0.622024872028	0.377975127972	
551	4.72079714596e-16	8.1975399886e-19	1.47031813459e-16	0.691796353863	0.308203646137	
551	6.64889353312e-12	1.56912202081e-13	2.35425340119e-11	0.536358186485	0.463641813484	
551	2.98906423217e-16	5.21129726713e-19	1.18706583136e-16	0.708805169051	0.291194830949	
551	3.25780689138e-15	9.46890286916e-18	2.05970141868e-15	0.626316895521	0.373683104478	
551	1.80680466316e-15	4.62373079504e-18	9.98236599349e-16	0.541001186621	0.458998813379	
551	2.67098137481e-15	7.68322936758e-18	1.61372900213e-15	0.616368408612	0.383631591388	
551	2.02468296455e-15	4.79131879991e-18	1.15764599863e-15	0.579204337341	0.420795662659	
551	5.20275084201e-16	9.50466531009e-19	1.62123319446e-16	0.768546552162	0.231453447838	
551	3.3465722615e-16	5.5515258421e-19	1.19502544981e-16	0.694746773905	0.305253226095	
549	1.25424980486e-14	5.876432485e-17	6.85507550835e-15	0.589030383969	0.41096961603	
549	1.05866905703e-15	2.74593441572e-18	4.77904860768e-16	0.577692377162	0.422307622838	
549	6.83385804101e-15	3.11621699172e-17	3.89538238057e-15	0.600824261721	0.399175738279	
549	6.80351800491e-15	2.49096417524e-17	3.32532014887e-15	0.575873890168	0.424126109832	
