crown_id	ACRU	LIST	OTHER	PIEL	PIPA	PITA	QUGE	QULA	QUNI	
624	0.00000000682105562004	0.00000000000031792724	0.00000037122099938194	0.00000151046303560453	0.06481681845066687708	0.00003581861793181007	0.00000008322393103156	0.93107237578117751919	0.00407301542088419656	
624	0.00000000182221061237	0.00000000000003828280	0.00000013149935847943	0.00000041394063986154	0.02305851583365845642	0.00000333551479283572	0.00000002475370829854	0.97425786085527010805	0.00267971578032298813	
624	0.00000000243916375131	0.00000000000008882779	0.00000016191175215408	0.00000061851945810784	0.01386233176451301397	0.00000314171554559834	0.00000003675240025727	0.98500510029216092889	0.00112860660491738516	
624	0.00000003435186925618	0.00000000000335660325	0.00000153393806639451	0.00000797832208705429	0.44692067541746882675	0.00182294034686631074	0.00000022646955431118	0.53003662687528030339	0.02120998427545089937	
624	0.00000000294897298870	0.00000000000007532970	0.00000023296242357760	0.00000056611559737244	0.03024484040071341931	0.00000662200477075372	0.00000004518365603697	0.96634524397999099765	0.00340244640379962866	
624	0.00000001717664734664	0.00000000000083814859	0.00000115974044115031	0.00000207992233317655	0.24100151108868292371	0.00023180775532809575	0.00000015176574261085	0.73613486715519305115	0.02262840539479375399	
624	0.00000000166093160201	0.00000000000003859151	0.00000014984427342568	0.00000028536406358832	0.02215600388430835274	0.00000346156384609295	0.00000002935751794318	0.97448346601656521404	0.00335660230845521166	
624	0.00000000848340130668	0.00000000000026818965	0.00000049216346177129	0.00000163344959682067	0.11086029602259352134	0.00004942081227254763	0.00000006013907528839	0.87920261120707898783	0.00988547772225152437	
624	0.00000002347200431322	0.00000000000124430033	0.00000109573575651099	0.00000635203118746415	0.28435570705254148427	0.00056151860660332009	0.00000016097618273716	0.68693204573311394956	0.02814309639136575170	
624	0.00000001816669029457	0.00000000000116849237	0.00000085899893625685	0.00000339537105541134	0.20377940977590180971	0.00037425190584694382	0.00000015151596952715	0.78353417646710143973	0.01230773779732990091	
624	0.00000000304359059571	0.00000000000005729296	0.00000031102917181691	0.00000048684661885134	0.03157461666392884225	0.00000443897186010537	0.00000005936230480059	0.96258784523922669152	0.00583223884324096404	
624	0.00000001455269914676	0.00000000000081902219	0.00000089685114372558	0.00000200315807788715	0.10243688165761227760	0.00019440389333133843	0.00000010416055232565	0.88360361219430993973	0.01376208353145446858	
624	0.00000002279969118167	0.00000000000162841158	0.00000146471484531702	0.00000344106997855625	0.21995180996782615068	0.00046091262487554536	0.00000016436483632732	0.75416067597210911799	0.02542150848420943188	
621	0.00000000011635171658	0.00000000000034253531	0.00000000143610381748	0.00000182588182117561	0.92994682776363701837	0.07004480493061943092	0.00000001353886011405	0.00000256740270730072	0.00000395892955699987	
621	0.00000000103135931153	0.00000000000116319441	0.00000001222529561089	0.00000703207879716011	0.92920164693114670751	0.07056648702539412843	0.00000003571323945512	0.00014403777258658809	0.00008074722101792253	
621	0.00000000054065111317	0.00000000000106052947	0.00000000610582461432	0.00000478188937939414	0.88683603003730515635	0.11309560987410945121	0.00000002541938787371	0.00003515019548245130	0.00002839593679932743	
621	0.00000000024331580875	0.00000000000065421756	0.00000000295964882067	0.00000383333805956249	0.81772406626610016911	0.18225604669797187962	0.00000001603780772381	0.00000754335873524768	0.00000849109770674337	
621	0.00000000060791512049	0.00000000000089946095	0.00000000798228051890	0.00000447131100944475	0.92882881010628071117	0.07106456384298252826	0.00000003002622349159	0.00005203972193288617	0.00005007640047592769	
621	0.00000000033006362876	0.00000000000063201215	0.00000000465162463067	0.00000295965166272308	0.93833105041337705465	0.06163295450910466489	0.00000002408617875918	0.00001581545034767656	0.00001719090700900838	
621	0.00000000118372901197	0.00000000000140185355	0.00000001386250819639	0.00000596705269515086	0.94489375033525868641	0.05486190743090772759	0.00000004498733441547	0.00015541381942134905	0.00008290132674358664	
621	0.00000000027553169616	0.00000000000054270431	0.00000000351239730050	0.00000410124515945403	0.87183192018385780031	0.12813406059703122408	0.00000001469724758734	0.00001439433519557715	0.00001550515303657119	
621	0.00000000031956038789	0.00000000000058814159	0.00000000446468935114	0.00000348521642135566	0.91997717590843353097	0.07998546947172294197	0.00000002024501227411	0.00001671420358058671	0.00001713016999139093	
621	0.00000000010097180359	0.00000000000035821515	0.00000000109675233249	0.00000246161004689261	0.84208436753959559073	0.15790822072731089398	0.00000001013965143047	0.00000198377294279583	0.00000295501237002368	
621	0.00000000106600994448	0.00000000000138881313	0.00000001422213030591	0.00000650440439949472	0.90491738940685528814	0.09488072792686846890	0.00000003898606011116	0.00011380090557619835	0.00008152308071127402	
621	0.00000000008398233446	0.00000000000048401091	0.00000000067837420819	0.00000298640548840555	0.74506322026497484590	0.25493145604499212187	0.00000000834805638011	0.00000105253256661887	0.00000127564108114855	
621	0.00000000009175541162	0.00000000000029565464	0.00000000115456924952	0.00000215638863475964	0.89509075636421742139	0.10490273584819856389	0.00000001032532544297	0.00000170322299810212	0.00000263660400548802	
621	0.00000000038195955086	0.00000000000086166573	0.00000000424102779825	0.00000426944191514761	0.87263061593800472782	0.12732853242422551010	0.00000002003532981954	0.00001929380472326473	0.00001726373195243514	
621	0.00000000015087485546	0.00000000000044259420	0.00000000170220317665	0.00000256600584856485	0.87347032803466451156	0.12651802169221779137	0.00000001263507694907	0.00000380132478451911	0.00000526845388713557	
621	0.00000000024132349861	0.00000000000055361124	0.00000000298881467762	0.00000312447161181316	0.90292282761266517976	0.09705371893330347333	0.00000001711178183844	0.00000947665381233540	0.00001083198613366090	
621	0.00000000020517114889	0.00000000000065002090	0.00000000226300640897	0.00000388822655115696	0.78901163926742412524	0.21097406973538138097	0.00000001390391998757	0.00000462139171242673	0.00000576500618327583	
621	0.00000000041603023593	0.00000000000105595221	0.00000000444278336329	0.00000538173009754601	0.81098099516302690759	0.18898343484005916681	0.00000002110841854463	0.00001656159769765380	0.00001360070083057742	
621	0.00000000022253045534	0.00000000000048877268	0.00000000277239491523	0.00000378109045843701	0.85790161165265821364	0.14207379198952552191	0.00000001309279352708	0.00000954926965858957	0.00001124990949156542	
621	0.00000000116692932381	0.00000000000153892235	0.00000001454209503837	0.00000689897043974910	0.90169049813873336507	0.09809350866376888300	0.00000003907035785020	0.00013232411195502575	0.00007671533418185996	
621	0.00000000077577591376	0.00000000000129252957	0.00000000895214162891	0.00000603397311018165	0.87811572319394515240	0.12176627167661478734	0.00000002852041524881	0.00006612526151908266	0.00004580764518537444	
621	0.00000000557098336664	0.00000000000487802728	0.00000008433187266469	0.00000972276679330276	0.96952520152625787375	0.02667699199179159042	0.00000020207345625080	0.00276504346087744690	0.00102274827308935340	
621	0.00000000360493569778	0.00000000000352071818	0.00000005455389159083	0.00000777582061126475	0.96677389411193925817	0.03151021867950060812	0.00000012830448829122	0.00109197869148821842	0.00061594622962427329	
615	0.00000001222265986412	0.00000000001140159555	0.00000020628085186117	0.00001494665799649650	0.96061511676632171941	0.03120238896665821632	0.00000034749016549267	0.00680782153707289780	0.00135916006687199025	
615	0.00000000086904276468	0.00000000000137228847	0.00000001288713686287	0.00000692130730473726	0.87544381484066624566	0.12447185496924537129	0.00000003186166918869	0.00004313899711078170	0.00003422426645176091	
615	0.00000000308772933608	0.00000000000433976436	0.00000003989513422312	0.00001401229070223485	0.77470833595823063167	0.22482292246962659599	0.00000005189246787005	0.00031954733333140441	0.00013508706843782620	
615	0.00000000547177601271	0.00000000000588954269	0.00000006754109239189	0.00001438718294517154	0.83479751183063821696	0.16392206474373405278	0.00000008791207645162	0.00093879172558291137	0.00032708358626525529	
615	0.00000000286382768950	0.00000000000390875142	0.00000003683989908719	0.00001229412511690506	0.78168464642909341045	0.21789138217256495689	0.00000005171532924255	0.00027990800901610589	0.00013167784124389669	
615	0.00000000912027487409	0.00000000000796133079	0.00000020027806769423	0.00001019262815657287	0.96592627879491566034	0.02926856117874456625	0.00000030091295433441	0.00333163803678403030	0.00146281904214058678	
615	0.00000001207673338868	0.00000000000940699197	0.00000024610758011778	0.00001203400763839088	0.95944731014674400349	0.02811096339056760179	0.00000034263315594532	0.00985548750796905355	0.00257360412020437744	
615	0.00000001036620945197	0.00000000000835864258	0.00000021239694939467	0.00000954435534117968	0.97260454499103432546	0.02067006876196420678	0.00000028174782878634	0.00523039875652963736	0.00148493861578431969	
615	0.00000001345599135545	0.00000000000894619380	0.00000026191577778541	0.00001602113781512337	0.95387581389810582877	0.03100159407030807571	0.00000029202969026556	0.01215746930766028154	0.00294853417570513712	
614	0.00000000015476381777	0.00000000000048064427	0.00000000152688621787	0.00000476511422686796	0.70564068094973075862	0.29434645831065214816	0.00000000852506592385	0.00000356521018788664	0.00000452020800598112	
614	0.00000000020634447323	0.00000000000031532539	0.00000000295977452875	0.00000277294332973610	0.94606632165581083793	0.05390623053718388707	0.00000001552793397045	0.00001161951383949243	0.00001303665546772193	
614	0.00000000020080056911	0.00000000000044108764	0.00000000258366588094	0.00000502600479934809	0.78203044108294805792	0.21794763614949269614	0.00000001063281599985	0.00000705625036016349	0.00000982709467615848	
614	0.00000000083504962757	0.00000000000091889644	0.00000001018218310595	0.00000672479889265330	0.91953321893155548494	0.08028660551779763510	0.00000003265412532176	0.00009701003436037356	0.00007639704511677965	
614	0.00000000073482435951	0.00000000000085864868	0.00000001384585406978	0.00000345007839084076	0.93582454237274348419	0.06402431146967330067	0.00000003457563080391	0.00007075940484312752	0.00007688751718133477	
614	0.00000000010851065991	0.00000000000037742703	0.00000000097041202295	0.00000294924729209321	0.82634034213158014115	0.17365203152696198630	0.00000000925669979640	0.00000201654663273045	0.00000265021153334344	
614	0.00000000038941775227	0.00000000000043645558	0.00000000545404116445	0.00000585540322889745	0.85656334345063522839	0.14335244489376533505	0.00000001185070757876	0.00003606325001469128	0.00004227530775292408	
614	0.00000000005881239939	0.00000000000037461392	0.00000000049125378997	0.00000272904334400279	0.54633432397470316211	0.45366152519752112049	0.00000000463664381878	0.00000066387613134325	0.00000075272121567038	
614	0.00000000085595540204	0.00000000000112334101	0.00000000942320188058	0.00000808480211511299	0.84617482087257933632	0.15367371688330139223	0.00000002264807980707	0.00008970152920494514	0.00005364298443891033	
614	0.00000000195766433187	0.00000000000152220180	0.00000002495327839830	0.00000929863402050778	0.93422153547337316581	0.06512463994501413445	0.00000004853422056797	0.00044198011248101530	0.00020247038842568138	
614	0.00000000046735489800	0.00000000000064150599	0.00000000613961809901	0.00000517862083064733	0.90158993050871338859	0.09833433808683064714	0.00000002244603052479	0.00003493407898136314	0.00003558965099893836	
614	0.00000000009298441820	0.00000000000028255431	0.00000000097241628302	0.00000272379952987160	0.86332424641630145512	0.13666833853137913546	0.00000000892655731614	0.00000189689265386866	0.00000278436789520362	
614	0.00000000137089670812	0.00000000000135353329	0.00000002896056113662	0.00000409558654618701	0.93163755864185127109	0.06801925605793042451	0.00000005144249816256	0.00016163336503485076	0.00017737457332778499	
614	0.00000000015349932192	0.00000000000026017090	0.00000000274965005637	0.00000113269217302614	0.97950534225434227054	0.02047497402557563878	0.00000001989267792814	0.00000671273407499526	0.00001181549774663061	
613	0.00000001730091137809	0.00000000000177225800	0.00000049194117695143	0.00001491371264895592	0.73329235702288675380	0.00185992231784375215	0.00000015981879923286	0.22665040922523532751	0.03818172865872536403	
613	0.00000000315169586932	0.00000000000175840561	0.00000005231218188940	0.00000950218074930154	0.97052103004742107384	0.02702819574963208002	0.00000010692427644059	0.00120342044672397007	0.00123768918556099966	
613	0.00000000015838499641	0.00000000000001884789	0.00000003420679996236	0.00000008501626384721	0.01209758862919754936	0.00000003199275068231	0.00000004654972727939	0.98787536239331097399	0.00002685105354580753	
613	0.00000001635507084437	0.00000000000553461545	0.00000041900443191917	0.00001935022739160574	0.93627652918556325545	0.01412379350980157329	0.00000023883376340616	0.03933284042816004300	0.01024681245028286752	
613	0.00000000304210963105	0.00000000000154333340	0.00000005631507003029	0.00000835503635589853	0.97540535625615865101	0.02182392031437204588	0.00000010491376918537	0.00143864972833649654	0.00132355439228460346	
613	0.00000000136783656714	0.00000000000082742506	0.00000001768823885741	0.00000647562858097347	0.98087163285202028096	0.01845999785403344001	0.00000005285867002305	0.00033976984172090583	0.00032205190807169061	
613	0.00000000188816773836	0.00000000000109910462	0.00000002636119485520	0.00000682603064426920	0.97848731865685689701	0.02015593223387445940	0.00000007288691728492	0.00071616076803573286	0.00063366117320965819	
613	0.00000000992376583215	0.00000000000259956211	0.00000025227964667936	0.00001602328261921675	0.93385832369145604925	0.00953627941253227737	0.00000014054998569379	0.04268306314832060605	0.01390590770907408624	
613	0.00000001009281891131	0.00000000000354892125	0.00000020114473682267	0.00001714900784943668	0.95392704644212300558	0.01518942844666369869	0.00000016885642083703	0.02340354719687171361	0.00746244880896671306	
613	0.00000000026118570248	0.00000000000003127667	0.00000005201292366235	0.00000015404146213813	0.01083113817244227631	0.00000005369689728355	0.00000008528997321411	0.98914174123979659026	0.00002677528528769856	
613	0.00000001265535240865	0.00000000000243975774	0.00000033900708353924	0.00001595645422824510	0.87640136198359563924	0.00436191248021846126	0.00000015662343532177	0.09731501042898507703	0.02190525036466154513	
613	0.00000000265427030997	0.00000000000139180477	0.00000004200340370923	0.00000915785588358735	0.97365537333503182627	0.02430666755611918944	0.00000008985592517444	0.00102132875211328133	0.00100733798586107211	
613	0.00000000607026151361	0.00000000000273766053	0.00000012253485349957	0.00001157865102451653	0.96825169395473575928	0.02162809487779358136	0.00000015866543006667	0.00619725081471317590	0.00391109442845018890	
613	0.00000000199120353328	0.00000000000100245625	0.00000003562261808698	0.00000451397174518749	0.98213857901609347145	0.01326749636070992215	0.00000008234639393284	0.00226050759908501134	0.00232878309114842221	
613	0.00000000108616390328	0.00000000000069546096	0.00000001416043707775	0.00000419515958292909	0.98561055419624610252	0.01370985979864947774	0.00000005991446553542	0.00035181186617659442	0.00032350381758309774	
613	0.00000000164597276895	0.00000000000098684085	0.00000002103576534530	0.00000727244581188020	0.97900590212623639363	0.02006889370759087909	0.00000006196521325295	0.00048773114362240898	0.00043011592880028154	
613	0.00000000049836085377	0.00000000000006583911	0.00000006064028145589	0.00000038534107155103	0.00801938038167845403	0.00000011541034873675	0.00000014796574087116	0.99195602037251429106	0.00002388938993774498	
613	0.00000001469658057270	0.00000000000057436464	0.00000044190384844627	0.00000711772676106554	0.38821558098111741408	0.00035485326322979877	0.00000009456644252475	0.57948331902383953818	0.03193857783760619545	
613	0.00000000699665427205	0.00000000000214802323	0.00000014605046169912	0.00001453422280686508	0.96008780388183978527	0.01823004031824921115	0.00000011844436276736	0.01322531466413966357	0.00844203541933793815	
613	0.00000000397352941526	0.00000000000194546437	0.00000006294223156803	0.00001132617573761509	0.97172318630643639281	0.02420762293543024524	0.00000011890775638425	0.00228802392122038310	0.00176965483571257863	
613	0.00000000784062364416	0.00000000000318270803	0.00000015469629575909	0.00001454314401321391	0.96564903219506192933	0.01927223516445663101	0.00000017630354691436	0.01014991165292601465	0.00491393899989318005	
613	0.00000000032049545764	0.00000000000003611209	0.00000004033534162855	0.00000023123431767164	0.01038228690452035023	0.00000006731550748429	0.00000008090976726114	0.98958882357939825791	0.00002846940061563396	
613	0.00000000973384841314	0.00000000000277730766	0.00000021235624013588	0.00001689435228066353	0.94796199574917316966	0.01379079347636505241	0.00000014852693547672	0.02816144655103029748	0.01006849925134963020	
613	0.00000000285677573628	0.00000000000157741496	0.00000003508623558882	0.00000878895635495856	0.97925062084270897422	0.01758990457471621208	0.00000010969175815406	0.00188930970971883582	0.00126122828015422933	
613	0.00000000040228511822	0.00000000000005442626	0.00000006992157216137	0.00000029195144438743	0.00888629021485157558	0.00000009298791541509	0.00000013864305951961	0.99109088838434067359	0.00002222749447662423	
603	0.00000001565761007424	0.00000000000382489013	0.00000063357875682146	0.00001613372189752156	0.88862405099566310618	0.01235118509099641243	0.00000015812088143360	0.07802501633121472491	0.02098280649915492888	
603	0.00000001591004549607	0.00000000000460265192	0.00000041970572187623	0.00002206732330121944	0.89178526731333729316	0.01304113155845419356	0.00000016423963145562	0.08275602020876593468	0.01239491373613982664	
603	0.00000001078317017246	0.00000000000282407042	0.00000026372994987465	0.00001809452083017747	0.91198440022193727472	0.00715332230200496719	0.00000014623559504637	0.06901128452446819717	0.01183247767922012902	
603	0.00000001530923914907	0.00000000000355086301	0.00000048383348531717	0.00002001666758614228	0.87320653650758817133	0.01021139968911397369	0.00000014693803724674	0.09992733308757116573	0.01663406796382771793	
603	0.00000001442283534865	0.00000000000461095052	0.00000033171462415267	0.00002326525871039511	0.92719594272312122474	0.01573719631653368312	0.00000017091646599283	0.04700493906499788460	0.01003813957810043012	
603	0.00000002053256933894	0.00000000000180242528	0.00000077169464429964	0.00001161359771073226	0.50190016477914201065	0.00161711312073812880	0.00000015268244648214	0.46593094112994215550	0.03053922246100443730	
603	0.00000001821784113509	0.00000000000456989838	0.00000053474080062650	0.00002261800561087943	0.87407296989935767684	0.00970451953309511839	0.00000019982606080269	0.10065059528392771016	0.01554854448873624687	
603	0.00000001537263265640	0.00000000000318773809	0.00000041840532834815	0.00002220046386095724	0.85096237831378762628	0.00717571724709063601	0.00000015854611458815	0.12498877115600491583	0.01685034049199234454	
603	0.00000001509179205100	0.00000000000296824385	0.00000033133428381982	0.00002225139157963495	0.86784967200662299636	0.00439169632765102919	0.00000017106212042561	0.10749676243335726245	0.02023910034962468282	
603	0.00000001197558227173	0.00000000000380206543	0.00000029813655764210	0.00001623714214063113	0.94662627745477678776	0.01273670415768033380	0.00000013922843071628	0.03264763553303101640	0.00797269636799852015	
603	0.00000000694931101232	0.00000000000334113028	0.00000011179388302640	0.00001300489796344849	0.96798869467031123381	0.01405591769620785809	0.00000013863863782177	0.01505264975399073397	0.00288947559635384940	
603	0.00000001597832244785	0.00000000000435888885	0.00000044896554097941	0.00002231441194401728	0.89412795222264229711	0.01470147101561616702	0.00000014474413024312	0.07899462144388859353	0.01215303121355619867	
603	0.00000000971369089142	0.00000000000349848612	0.00000022688140628688	0.00001628833252964462	0.94771331869448216523	0.01593725086565057902	0.00000014095375315806	0.02817210960997966473	0.00816065494500898062	
603	0.00000001372266556441	0.00000000000355160618	0.00000036025243932619	0.00002181887553324910	0.89051136250536011563	0.00980205830298359199	0.00000013695108985534	0.08475003053426910515	0.01491421885210753723	
603	0.00000001596545475563	0.00000000000350175662	0.00000039451149423701	0.00002164079156618818	0.86061538366988910020	0.00615030177255837442	0.00000017757777650866	0.11305201027586464502	0.02016007543189437742	
603	0.00000001476408258046	0.00000000000437115950	0.00000035386527152766	0.00002284814312576420	0.91511131159456160500	0.01356121129035322594	0.00000015725184180611	0.06106129183831494889	0.01024281124807750396	
600	0.00000000617758335603	0.00000000000311598118	0.00000012388118895487	0.00000977657168333874	0.97074374739867774764	0.01811747621579684955	0.00000017772417571020	0.00768234995280515399	0.00344634207497283027	
600	0.00000001526268315840	0.00000000000059383354	0.00000056700770184245	0.00000499911489013427	0.13958187264714966291	0.00009370624221029577	0.00000015284446887832	0.84722958607834708555	0.01308910080195504859	
600	0.00000004029246050896	0.00000000000420655518	0.00000121855277759671	0.00001164032707849082	0.40920847243543012617	0.00111963492235929050	0.00000033072403179177	0.56831516850443941635	0.02134349423721617831	
600	0.00000003168286657259	0.00000000000241802585	0.00000108972599682127	0.00000773406186718135	0.23046508363257267593	0.00041460992688364902	0.00000029144998637915	0.75235308715231374865	0.01675807236509499129	
600	0.00000003107706757442	0.00000000000436694811	0.00000095996841100124	0.00001573836805393740	0.63963704464572801456	0.00311479158602135601	0.00000026943912203048	0.33387288323740543783	0.02335828167382371714	
600	0.00000001171584067469	0.00000000000044012957	0.00000047163259145691	0.00000354741901431899	0.08701463184914576265	0.00005571093230524299	0.00000011009084586924	0.90348887242431685785	0.00943664393549987178	
600	0.00000002657599498764	0.00000000000159286037	0.00000089634265295700	0.00000873905920187976	0.32496860403469779444	0.00056951147264560438	0.00000021982874949763	0.64829564734040023843	0.02615635534406403340	
600	0.00000002972168193759	0.00000000000228013491	0.00000102385332109276	0.00000940213622428544	0.34766942513878484888	0.00077575779371073740	0.00000021145731068537	0.62633336774473002961	0.02521078215195622294	
600	0.00000000404410323488	0.00000000000260876290	0.00000008328836430882	0.00000755437705601293	0.97145018592849785577	0.02428175001252797643	0.00000013474653478064	0.00255851616801425858	0.00170177143229286593	
600	0.00000001482478216323	0.00000000000066151585	0.00000066268424195661	0.00000326278421926696	0.09033267385807260130	0.00007381043695597353	0.00000015665391024542	0.89710394613263866326	0.01248547262451775615	
600	0.00000000501546809489	0.00000000000242480619	0.00000009144510308186	0.00000999803648915856	0.97413468413243375910	0.01782963517589286270	0.00000015624485399135	0.00503626726323148921	0.00298916268410257717	
600	0.00000000449810985473	0.00000000000269824375	0.00000007786900176477	0.00000967073114966223	0.97254079175628105336	0.02315419067243687512	0.00000014680653458881	0.00258807748100780112	0.00170704018278012822	
600	0.00000003191159491519	0.00000000000471172244	0.00000110337455137739	0.00001507236911816775	0.64210304190224654075	0.00343824618159436612	0.00000030060344369922	0.32844075956577589714	0.02600144408696330664	
600	0.00000000397613457654	0.00000000000235164449	0.00000008104230174664	0.00000873869223883079	0.97177830737554737883	0.02457168010034810682	0.00000012357422920671	0.00212565457988780080	0.00151541065696060421	
600	0.00000000593479324058	0.00000000000347962466	0.00000011027368287551	0.00001017389335491185	0.97011971639703376002	0.02167802569158976123	0.00000017176773457904	0.00582908670583771622	0.00236270933249363565	
600	0.00000001308994351452	0.00000000000062716736	0.00000041686001697663	0.00000488857810689967	0.10015785721140574305	0.00007340103072115439	0.00000012839699966532	0.89383210358414078023	0.00593119124803818433	
600	0.00000001343545813020	0.00000000000048027909	0.00000052514405487786	0.00000387954798321189	0.12132469534043065218	0.00009930522271896782	0.00000009728918631621	0.86408402061402500571	0.01448746340566251130	
600	0.00000001480786962652	0.00000000000054970608	0.00000054967019884296	0.00000464282620501763	0.10682858006062434519	0.00006234304282737549	0.00000015537848028505	0.88146029859193730793	0.01164341562130751309	
600	0.00000002523479177777	0.00000000000603725090	0.00000075286057756786	0.00001962977086086544	0.83956441666836567617	0.00883602328297260209	0.00000026486525155696	0.13298294531725782242	0.01859594199388477434	
600	0.00000001162565401441	0.00000000000051261454	0.00000041987681169078	0.00000400325371939345	0.07969165150048773683	0.00003985480133069486	0.00000016009296414085	0.91458504559257913780	0.00567885325594063954	
600	0.00000001054073582989	0.00000000000418028694	0.00000022639086826455	0.00001679904806917795	0.95476718389245274210	0.01850124434600499204	0.00000017692142940888	0.02007551789513029386	0.00663884096112886575	
600	0.00000000222036786976	0.00000000000149061365	0.00000004534694211222	0.00000547174175444858	0.97744980734104380815	0.02100160867126392092	0.00000010206901915114	0.00074399497578556551	0.00079896763233252123	
600	0.00000001476627244673	0.00000000000060594596	0.00000055677651343848	0.00000444914046920493	0.10901104010791963506	0.00009190349923337208	0.00000011911616143195	0.87947996718232646085	0.01141194941049797525	
600	0.00000003302555945649	0.00000000000286210285	0.00000111594221881404	0.00001257452906349442	0.44681395038759907923	0.00117893297487600560	0.00000026414450597399	0.52103552428273858244	0.03095760471057652438	
599	0.00000000055103636110	0.00000000000006974187	0.00000004855095088247	0.00000040390315405377	0.01276077719171681349	0.00000007640668816466	0.00000011753514937289	0.98720954721854980995	0.00002902864268480939	
599	0.00000000042003676992	0.00000000000005657477	0.00000006834672373117	0.00000023155383898413	0.01004735558385117834	0.00000006623487758217	0.00000012250378056984	0.98992437569935198827	0.00002777965748253531	
599	0.00000001659829878993	0.00000000000554819227	0.00000043796372041042	0.00001770030423495596	0.91379838442705907386	0.01050395161106203352	0.00000026331355160187	0.06274753713393763088	0.01293170864258744689	
599	0.00000000037644128832	0.00000000000004257690	0.00000003272626220536	0.00000026402133103771	0.00722588608298279766	0.00000004521998934244	0.00000005871051654121	0.99275699023482666394	0.00001672262760763887	
599	0.00000000501500348518	0.00000000000559907170	0.00000008641626369744	0.00000862023311121792	0.96494448490786655093	0.03319538715639607646	0.00000018495306667393	0.00125021056862891313	0.00060102074406423781	
599	0.00000000038485691186	0.00000000000005703564	0.00000005546866870325	0.00000021850080677899	0.00809516539349494982	0.00000004656014362004	0.00000008606780282097	0.99188702675409745613	0.00001740087007165960	
599	0.00000000535365970080	0.00000000000445636462	0.00000007976930980992	0.00000906519400693558	0.97272207606065475005	0.02323973579730076802	0.00000019549924571262	0.00307204805393829867	0.00095679426742775590	
599	0.00000000055328748755	0.00000000000009495829	0.00000006260762986701	0.00000029473102228939	0.00872517543250951946	0.00000005294270400607	0.00000011295532072741	0.99125512796013026673	0.00001917281730087246	
599	0.00000000652885837002	0.00000000000437953266	0.00000009687068765400	0.00001064595803319542	0.97126607663291486539	0.02060095303458634938	0.00000022510352251879	0.00596319310332119653	0.00215880276369625340	
599	0.00000000489461434581	0.00000000000317919014	0.00000006620746797054	0.00001030893764303638	0.97404785265934057392	0.02072271565014214764	0.00000016840177915409	0.00376715668972667185	0.00145172655610691570	
599	0.00000000082487393677	0.00000000000010091729	0.00000002864564780868	0.00000072192517935385	0.01127468065751256049	0.00000007594270975633	0.00000007622394271564	0.98869405518326081150	0.00003036059677208917	
599	0.00000000036714029455	0.00000000000004824869	0.00000005465832512059	0.00000019041515690449	0.00816612440217468101	0.00000004204470795365	0.00000007515937870411	0.99181329078012159250	0.00002022217294673714	
599	0.00000000060813186079	0.00000000000007781131	0.00000005208505849467	0.00000039282678708373	0.00754221242600382723	0.00000007089998371488	0.00000010777162671195	0.99243599966249285149	0.00002116371983780502	
599	0.00000000056882721008	0.00000000000005858883	0.00000002819466295257	0.00000044866531200042	0.00969198863110702982	0.00000005553052015444	0.00000006080661642667	0.99028096846307833712	0.00002644913981733168	
599	0.00000000741770635302	0.00000000000807502695	0.00000009155932673722	0.00000941690331583300	0.96891399377843012708	0.02814874488674331404	0.00000032876437393108	0.00223343546723053007	0.00069398121479813943	
599	0.00000000386142322153	0.00000000000244804638	0.00000006014440741558	0.00000808187562356994	0.97636539058858251572	0.01980547309326483735	0.00000014793691905367	0.00254385535160166383	0.00127698714572950663	
599	0.00000001253234286801	0.00000000000798567100	0.00000017899145920898	0.00001520751971385114	0.96274499867740637171	0.01447535061164492362	0.00000028917158366532	0.01839061554832652212	0.00437334693953701434	
599	0.00000001040395029797	0.00000000000716239652	0.00000017369123855217	0.00001323322363351366	0.96164209568370917491	0.02263734705447661977	0.00000028320197853234	0.01267892827582488627	0.00302792845802587248	
599	0.00000000034445999748	0.00000000000003963998	0.00000003164670905382	0.00000019449872822560	0.00739439437085724800	0.00000003039805125096	0.00000004733202279089	0.99258718554652003441	0.00001811586261170203	
599	0.00000000041330540449	0.00000000000005503968	0.00000006431906503960	0.00000024274707461296	0.00925359085201694735	0.00000006846615728567	0.00000012057861434591	0.99072095292108730558	0.00002495970262399691	
599	0.00000000033661798863	0.00000000000004222706	0.00000004472896280089	0.00000018382093571259	0.00756531448540200945	0.00000003680913163355	0.00000006226172507134	0.99241621016234460306	0.00001814739483801762	
599	0.00000000074809396729	0.00000000000004750868	0.00000005178221939074	0.00000045182826933429	0.01216710972347522651	0.00000014211970111951	0.00000006578876620872	0.98776289164837005607	0.00006928636105714158	
599	0.00000000516367954627	0.00000000000415025913	0.00000008440126899538	0.00000883995200048168	0.97104335032971877961	0.02508754320319715042	0.00000018662680659334	0.00281169497883737834	0.00104829534034049329	
599	0.00000000534243605766	0.00000000000443294293	0.00000007848587104777	0.00000962940130459895	0.97090766801607175651	0.02527221430951652817	0.00000020001626334200	0.00280083059021796069	0.00100937383388579249	
599	0.00000000036605359793	0.00000000000004194911	0.00000003796065295452	0.00000024288401214214	0.00870972020936536945	0.00000005126719198871	0.00000007314654066414	0.99126800367053657936	0.00002187049560471618	
599	0.00000000055819313917	0.00000000000008219908	0.00000006028017406345	0.00000041651734507632	0.01112410343043058678	0.00000010317603840128	0.00000015732442505894	0.98884842985051824016	0.00002672886279333382	
599	0.00000000829671181701	0.00000000000452163072	0.00000014905580923701	0.00001232940526524452	0.96556835224239234705	0.01793000026638039146	0.00000022085813000568	0.01226926942113008324	0.00421967044965903919	
596	0.00000000011661770329	0.00000000000026125487	0.00000000172077369265	0.00000163259963518588	0.97439689851441291246	0.02559164012464916829	0.00000002563462395855	0.00000392455056694647	0.00000587673845919367	
596	0.00000000041328127929	0.00000000000021202422	0.00000000873872528984	0.00000160572488888734	0.99059269228313495681	0.00906224508927326415	0.00000002426823789293	0.00012611696724143667	0.00021730651500501895	
596	0.00000000006445780906	0.00000000000007160217	0.00000000132854635857	0.00000167830214695986	0.84719891066253871781	0.15278156127588404800	0.00000000265251184204	0.00000657870753841998	0.00001126700630411982	
596	0.00000000082554163709	0.00000000000068644441	0.00000001280993311241	0.00000297915869471381	0.98768021472414868622	0.01207042477786823657	0.00000006726154291310	0.00011009835451503495	0.00013620208706918016	
596	0.00000000007004143106	0.00000000000007414783	0.00000000125621815341	0.00000104391436275136	0.98450201024421857277	0.01548178395063926766	0.00000000750388820176	0.00000573851756559900	0.00000941454299193960	
596	0.00000000021633307344	0.00000000000019517511	0.00000000358209508042	0.00000233274543837089	0.97167207298437729968	0.02825890034660068911	0.00000001304327507049	0.00002358324717914825	0.00004309383450618422	
596	0.00000000001200500668	0.00000000000002026185	0.00000000016909485038	0.00000038153158785503	0.99497077686178780898	0.00502795998717633311	0.00000000188352321223	0.00000020817587726119	0.00000067137892740296	
596	0.00000000005567319952	0.00000000000007440940	0.00000000111786542789	0.00000097792106173547	0.97739066124397533386	0.02259754028269241391	0.00000000586661057653	0.00000301167089645232	0.00000780184115057317	
596	0.00000000008125801873	0.00000000000008481375	0.00000000175162749126	0.00000081687233248624	0.98899506200976716741	0.01098110630112821354	0.00000001016796376713	0.00000608622400962764	0.00001691659182815061	
596	0.00000000005537888499	0.00000000000006719641	0.00000000119547575186	0.00000083808951036145	0.97701585933923162930	0.02296837947855765241	0.00000000589952395171	0.00000284579721052676	0.00001207014504423716	
596	0.00000000050009121849	0.00000000000025306014	0.00000001116845836530	0.00000181625944015576	0.98956570819418765428	0.00994983460317334922	0.00000002894782502398	0.00018198436204970353	0.00030061596452158972	
596	0.00000000008942665574	0.00000000000008598575	0.00000000155198463873	0.00000116043952184080	0.98593745479206784665	0.01403941573442788263	0.00000000876096453681	0.00000890795421945811	0.00001305067730126821	
596	0.00000000004589301300	0.00000000000007097571	0.00000000087005230963	0.00000087458632928762	0.97721571459321598940	0.02277681624814261938	0.00000000582297414496	0.00000146697463730126	0.00000512085868454062	
596	0.00000000118863358951	0.00000000000061685166	0.00000003118791336224	0.00000298572037987970	0.98658390125425221573	0.01219888248391972491	0.00000006387594462497	0.00050489278518673676	0.00070924150315292069	
596	0.00000000046982866061	0.00000000000022801427	0.00000001059820146672	0.00000166947346038970	0.99037032142716252547	0.00917213608720724577	0.00000002639064841677	0.00016354224196771475	0.00029229331129558198	
596	0.00000000008451228004	0.00000000000009030700	0.00000000188424009241	0.00000179161416145503	0.93762368582100885650	0.06234954130718640963	0.00000000548025852278	0.00000425155049222559	0.00002072225804998286	
596	0.00000000003476666277	0.00000000000006870831	0.00000000069080951857	0.00000097716485733580	0.97754043413927504957	0.02245485315614308836	0.00000000394536391855	0.00000084828452340339	0.00000288258419244759	
596	0.00000000020659724775	0.00000000000001401539	0.00000001681009328162	0.00000010176208586388	0.00272277365215794695	0.00000001481804912690	0.00000001993786288197	0.99726736575049534927	0.00000970706264454347	
596	0.00000000007478098722	0.00000000000007324368	0.00000000189602967508	0.00000120158109664021	0.95982097908250230134	0.04014954011337910911	0.00000000484403797734	0.00000609104291687497	0.00002218136518305325	
596	0.00000000005266729054	0.00000000000005581800	0.00000000127181277552	0.00000084919522303878	0.98080345701153748283	0.01917572329752188776	0.00000000587567969616	0.00000379125713750840	0.00001617203836443131	
596	0.00000000027702821525	0.00000000000024193925	0.00000000388313847614	0.00000232588315051297	0.98660948978272577925	0.01331039358409727424	0.00000002114394702602	0.00003807944585624634	0.00003968599981468847	
596	0.00000000009375871832	0.00000000000008995219	0.00000000206657949580	0.00000092193772135854	0.98540559750611000922	0.01456174351721063916	0.00000000955442549541	0.00000789274521128036	0.00002383257889296510	
596	0.00000000006708813404	0.00000000000007597064	0.00000000178879264440	0.00000075487716156863	0.98016843840386791431	0.01981279584148262080	0.00000000759415078738	0.00000371773070906742	0.00001428369667132638	
596	0.00000000007266957178	0.00000000000007205188	0.00000000194981420594	0.00000093980242413390	0.97207421974583707591	0.02789857760480568896	0.00000000653927915469	0.00000498328564312593	0.00002127099945484220	
596	0.00000000044919109842	0.00000000000035067143	0.00000000593919735117	0.00000292359605890163	0.98576402636761850662	0.01407521980085056981	0.00000002723660156794	0.00008060166064889969	0.00007719494948235326	
596	0.00000000004998803336	0.00000000000004869001	0.00000000064837484050	0.00000065307121785850	0.99726733254329280598	0.00272510901414955943	0.00000000525014909342	0.00000248337945502480	0.00000441604332393992	
596	0.00000000020268600106	0.00000000000017515059	0.00000000411626790299	0.00000177275161556169	0.97621385344213540414	0.02370727366514080794	0.00000001425082014077	0.00002378967093252867	0.00005329190022653403	
596	0.00000000123723318225	0.00000000000069990702	0.00000002559590337699	0.00000326138096051344	0.97537434974023795586	0.02346849644230330351	0.00000004612410048102	0.00049873594784982937	0.00065508353071148007	
596	0.00000000037548367935	0.00000000000029678599	0.00000000555630422593	0.00000272056367042694	0.98062219342422729529	0.01925504228871037504	0.00000002192429363279	0.00005624894065169365	0.00006376692636186874	
596	0.00000000115829441335	0.00000000000059164484	0.00000002170327649548	0.00000398795505437079	0.98079090745233299398	0.01827395562654791569	0.00000004121889821384	0.00038227183514482949	0.00054881304985912268	
596	0.00000000028968902730	0.00000000000017663996	0.00000000605042349968	0.00000160695682722208	0.98715206492131513105	0.01267347645399560102	0.00000001791035552862	0.00005702841198838859	0.00011579900522908674	
596	0.00000000023515978082	0.00000000000016665951	0.00000000534954760833	0.00000168462508986532	0.97448473091018883441	0.02538071089903101013	0.00000001169600387947	0.00004260173118041512	0.00009025455363195280	
596	0.00000000023895492176	0.00000000000019063501	0.00000000514125385852	0.00000124814606574265	0.98512656063401948803	0.01474034904807411048	0.00000001711866702132	0.00003802741655553215	0.00009379225621868753	
596	0.00000000026273682283	0.00000000000023791590	0.00000000403996001598	0.00000233606189717411	0.97818607747809316333	0.02174222005493646470	0.00000001749362783994	0.00002987991384467429	0.00003946469466583127	
596	0.00000000005832614712	0.00000000000010230748	0.00000000117527175385	0.00000089583411667793	0.98156862631553942755	0.01842107402011623069	0.00000000715546753825	0.00000169106141299427	0.00000770437964710756	
596	0.00000000001740965195	0.00000000000002332147	0.00000000038691474260	0.00000046939797621347	0.99290885641191406474	0.00708761585161426372	0.00000000224782022936	0.00000030629771182686	0.00000274938861584093	
596	0.00000000350155952020	0.00000000000134504061	0.00000011391740264356	0.00000496684377289168	0.97416446286166757940	0.01539445707049582647	0.00000010621823002617	0.00591584182963249185	0.00452004775589395433	
