9.294834514594829113e-14	2.893307729328761497e-14	8.152737172405557540e-12	9.999994881360083632e-01	5.118557168405897824e-07
2.990163439220352038e-05	1.551006280073723175e-05	3.602324367847643252e-04	9.979838851025121249e-01	1.610470763510283123e-03
7.663770004276122824e-06	6.195052855906658101e-06	1.082385771854974553e-05	9.402538811826376408e-01	5.972143613678373986e-02
2.390614143448768704e-04	1.023436046058307305e-02	4.971730551825180247e-05	7.278219724411856724e-03	9.821986410951419888e-01
1.298090229483527702e-08	1.969106854913482013e-10	3.407414718570746733e-09	9.997424504330543193e-01	2.575329817179355008e-04
1.217514484152489027e-07	1.480426270196930870e-07	1.310914834888730728e-06	9.709945126582654185e-01	2.900390663282441037e-02
1.537327640794507225e-12	3.077401612848237702e-13	6.182057422156567272e-11	9.999613828775970603e-01	3.861705873725739435e-05
2.353079889597500183e-05	2.072893135773818243e-06	7.418005997004280489e-06	9.900303563043920674e-01	9.936621997579104040e-03
9.699317584830483331e-08	9.649578967182671481e-09	2.806345879155026259e-08	9.985531361858800414e-01	1.446729107906406363e-03
3.834735936284542713e-08	3.449025147714953919e-10	3.826284617741813853e-08	6.242945708409610075e-06	9.999936800991835462e-01
5.594303316469968592e-10	1.273892926001588227e-08	5.238117308720688909e-08	9.615153733040856521e-01	3.848456101638186855e-02
4.044417107196921610e-09	1.328477337995627729e-09	6.009753623855783777e-10	9.983448872633776672e-01	1.655106762752521238e-03
2.934344185277973016e-05	6.652067100976549470e-07	3.440484783083061633e-06	9.823084718595417320e-01	1.765807900711233516e-02
1.213756808947422391e-06	6.750734681504939348e-07	3.713490633151455746e-06	9.819067717325380418e-01	1.808762594655164216e-02
1.532418317958374040e-09	8.916974178383380213e-10	1.499832495787578171e-08	9.999632242980128760e-01	3.675827954651961595e-05
1.010828690781437252e-06	4.860245750155983695e-08	6.322940282224714098e-07	9.955319667255522198e-01	4.466341549271308532e-03
2.061861489231362951e-04	2.210502322613271925e-07	1.406778475286672135e-06	9.824494315236095288e-01	1.734275449875978883e-02
3.838481284938333831e-06	6.426297871871551585e-07	2.060397936869030318e-06	9.914766847450572351e-01	8.516773745933868545e-03
7.593321133668993507e-04	9.246963885236907565e-05	1.148306042568049759e-03	5.558674712297641436e-03	9.924412174929151398e-01
1.053651601285464105e-07	1.131456538205897017e-07	1.888013775177940088e-07	9.868474588067718267e-01	1.315213388103685273e-02
2.299922015886661161e-03	7.285841885313320686e-05	8.736445815673025885e-06	9.382722641186997947e-01	5.934621900074495138e-02
6.327771320089446602e-16	5.617510868418757883e-17	8.883374309320565776e-14	9.999662345819106957e-01	3.376541799994683637e-05
5.368339382577807279e-09	1.667997784822628268e-09	4.064402200952100461e-08	9.995492118395754577e-01	4.507404800653704155e-04
1.676212846060120982e-08	1.225588121687129783e-09	1.490438762555075890e-08	9.951295757582606649e-01	4.870391349635235650e-03
1.124701595272672977e-07	4.989731577517984831e-08	1.015755625016299663e-07	6.547036723097446288e-04	9.993450323846524430e-01
8.742874130903286671e-06	2.031075718185888929e-07	1.670984481790991871e-06	9.866965226905295427e-01	1.329286034328605245e-02
1.916811296182843911e-04	2.505255573722976141e-06	5.036534371217633302e-04	9.993020047977075881e-01	1.553799784555987253e-07
2.054215066238619918e-03	1.567736150758208130e-02	2.957643218271447500e-04	3.916571619572007182e-03	9.780560874847802344e-01
4.711528481444419228e-07	6.764229102416171037e-09	9.123202369255663368e-08	9.998106781258166986e-01	1.887527250823832253e-04
6.872794178904843082e-07	6.762950796656813178e-08	9.397807549434622987e-07	9.898544429426254787e-01	1.014386236769363424e-02
9.285548280209360295e-01	7.130803868038856907e-02	5.391188729183559906e-06	8.261795337644787637e-11	1.317420273282801418e-04
1.373590842823991926e-05	1.498872083568449330e-06	1.098983428626188678e-05	9.962669621593254199e-01	3.706813225876608425e-03
4.904177190197321450e-06	1.980359723440301789e-08	1.643781345398694201e-07	9.897806751343095621e-01	1.021423650676824869e-02
2.615303932031250703e-11	8.312615170687131623e-15	5.609556663189640142e-15	9.993537243256213065e-01	6.462756482117559473e-04
1.364211851117363809e-03	1.482591192715121186e-05	3.519235198701869526e-03	4.555624468824332959e-03	9.905461025694293209e-01
1.567702595711102003e-03	1.776574363600193359e-04	5.296036403915596504e-05	8.035507846835609287e-06	9.981936440960429424e-01
1.074099154519717602e-05	2.720598239860043811e-07	1.144577439119672438e-06	2.051250694872106331e-02	9.794753354224706721e-01
5.168919928647713888e-14	7.501629905912559420e-15	2.958224527275189030e-12	9.999882504954029638e-01	1.174950157979289804e-05
5.838630601318545197e-07	5.099790116951644830e-08	6.290418209841067119e-07	9.999381828032954944e-01	6.055329392239515852e-05
9.241621728782374052e-07	3.097802213649670908e-09	7.515966150183071711e-07	3.778260882539809943e-06	9.999945428825273153e-01
1.185440048419037497e-08	4.245641262243171609e-10	2.908930137397203749e-08	9.689177173560754586e-01	3.108224127565853076e-02
1.735514985467841693e-06	3.476068581104569193e-07	8.311014280789909734e-06	9.980570436225519870e-01	1.932562241323735166e-03
4.225600976262543021e-14	1.360353589830912173e-13	1.670819176519127971e-10	9.999510781303303508e-01	4.892170240940361893e-05
3.463768509349117961e-06	3.437159706188039985e-07	5.892313725821578786e-06	9.988228480549766752e-01	1.167452146817560960e-03
2.659806697654218803e-11	3.934031308665906385e-13	4.433865409242820904e-11	9.999957153441331181e-01	4.284584536672969628e-06
1.199391492660562800e-10	1.127157243371717583e-12	3.376176588984963751e-11	9.999607977530426961e-01	3.920209212923059033e-05
8.685852087679641104e-06	1.592620268547968321e-06	2.863040592335919949e-06	9.964849888990664484e-01	3.501869587985076328e-03
1.239421220728879989e-05	1.653901149043770420e-07	2.217513387973556707e-06	9.640938095855897672e-01	3.589141329870013108e-02
3.379379856048299807e-07	1.306493891424623042e-09	1.459326669464853619e-08	9.823605434040272311e-01	1.763910275822667267e-02
1.298464967478857486e-04	7.036264415207818115e-07	8.167007863528425048e-06	2.259825325963823670e-02	9.772630296093088864e-01
1.306035724001484890e-04	2.963788874192510244e-06	3.209903869614177471e-07	1.173620422313263924e-04	9.997487496061073786e-01
1.700028284573079125e-06	6.599216123590519395e-07	3.717231077665802344e-06	9.959558008445684729e-01	4.038121974457033712e-03
3.674777989069487605e-01	2.722901553282978671e-01	6.195009882598048918e-03	3.218997103835388729e-01	3.213732549861650356e-02
2.373104460506914352e-06	2.683311458320008577e-07	1.775682892003255979e-06	9.892950620250592353e-01	1.070052085644227109e-02
5.283685220565822836e-05	8.421261570280722271e-06	3.402495263267968087e-06	3.030833910156997650e-03	9.969045054808036710e-01
1.697818317815918433e-15	7.635127884382693333e-17	2.403874509905215314e-12	9.999999930907947920e-01	6.906799548779781246e-09
2.478977557660444896e-09	1.373770894191165694e-09	1.595205328575007517e-08	9.999785100678627581e-01	2.147012733541369366e-05
5.414739753950190664e-07	6.951652607607588117e-08	3.164157837859932803e-06	9.995290638414677797e-01	4.671610101926745666e-04
3.666274163793106522e-06	9.760869792739257441e-07	3.713738570216511794e-08	3.726419434587088697e-06	9.999915940820366389e-01
2.136635558234796296e-06	6.038929882096027788e-07	1.251675810581394797e-05	9.881034045704262248e-01	1.188133814292156691e-02
5.166199105824809014e-08	7.203667882754778053e-07	5.971245978022520302e-06	5.867356838880934122e-04	9.994065210413545230e-01
5.040028644711760431e-05	1.159585330520111578e-07	6.020807811234845687e-07	9.779030249316374990e-01	2.204585674260116021e-02
2.630532101890358985e-04	3.992407608125960947e-03	2.169739311502674034e-04	2.375064580818553317e-02	9.717769194423492296e-01
3.256940512315010725e-05	1.500427205553300271e-04	1.368094429611177820e-05	5.375321509362217080e-03	9.944283854206632522e-01
5.699767386247226158e-05	1.391058047729069797e-05	9.381929737294816271e-06	5.386296972290640639e-01	4.612900125868589774e-01
1.508446730095265830e-07	6.114180709182387109e-09	3.636237598223278550e-07	9.906439804309142838e-01	9.355498986472114351e-03
4.214417923375552593e-04	4.901217093929799922e-05	1.211429712742946211e-04	9.656586873679274818e-01	3.374971569752140826e-02
5.280242899391809800e-08	1.101436297539281744e-09	1.061443843899135451e-06	9.962585411224428311e-01	3.740343529847929560e-03
6.067015658249089883e-07	2.154167613613157630e-08	7.575790588476894861e-08	9.956909962548284865e-01	4.308299744023625505e-03
2.084103457224457533e-05	8.472992759895949855e-07	2.912563851760001711e-06	9.748844442675309585e-01	2.509095483476903726e-02
6.674698694488764633e-05	5.550388195907233671e-05	3.457093458004087562e-07	1.659119893552592618e-04	9.997114914323949053e-01
4.042477556021475620e-07	7.961324972034262131e-07	3.374584648115836388e-05	9.942158819015071147e-01	5.749171871758991352e-03
6.738875123867836546e-08	9.569109240102795989e-09	8.129231400339516790e-09	9.982956271752877475e-01	1.704287737620402768e-03
2.405410517592528486e-05	4.207686989860868691e-07	7.020653544193028229e-07	9.962580330025576636e-01	3.716790058212940742e-03
3.054156944307831875e-09	7.136489270993367337e-11	4.616046324758808056e-10	9.743077541929682228e-01	2.569224221990525081e-02
3.799952600913880825e-03	1.931094154357839865e-06	5.349900285601818911e-06	1.744945590659846721e-06	9.961910214590554702e-01
9.217084773961579848e-09	7.518395349177582476e-10	1.018903547914784632e-08	9.914767487435206528e-01	8.523231098519703716e-03
2.301339910885281174e-06	7.029874766150221260e-07	6.589337873405504545e-06	9.999753812191479740e-01	1.502511559116458597e-05
8.872342849500357670e-07	3.402695120374233373e-07	2.405301448027672815e-06	9.941378119310543271e-01	5.858555263700808251e-03
1.134441147242566672e-02	1.472698105169926899e-04	4.126256545902441653e-04	6.020337276964217573e-04	9.874936593347706237e-01
3.059157912741509822e-08	1.527958852471871569e-07	3.038158315889284239e-08	3.084171093377132387e-05	9.999689445200187210e-01
5.734122784388006230e-10	2.766322754266970415e-10	5.817132154947633610e-09	9.995728975316194864e-01	4.270958012039099147e-04
4.878342374425330106e-08	1.178478375068772775e-09	8.609134509763873908e-09	9.921973479023918907e-01	7.802593526571349920e-03
1.359766824554212485e-08	2.311618173633831233e-08	8.650541873576554549e-07	9.993601688004947192e-01	6.389294314679364603e-04
2.792809493100762079e-07	2.899426185541063439e-08	8.772512816018091585e-09	2.139026753721245122e-01	7.860970075801515522e-01
2.877439151952385557e-05	9.612927250911678105e-05	2.563272099982567064e-05	5.048999243117653357e-01	4.949495393032061763e-01
1.481908388782702906e-04	6.748520622819377257e-01	3.247350131548653041e-01	1.531243039604186903e-04	1.116094203581783007e-04
1.027979833193611393e-05	1.607331162495736634e-07	6.182327880225072534e-07	9.945482977231570043e-01	5.440643512606782757e-03
2.518038598142428199e-10	8.984974756503037248e-12	9.104233875176623634e-10	9.999909746880936146e-01	9.024140693969196107e-06
1.994636295936992823e-05	3.085581729495831115e-07	2.694775755966529233e-06	9.998395530971125877e-01	1.374972059991551407e-04
1.512836986671420122e-14	2.493249379230989980e-14	2.972949337574399676e-11	9.999975645397392032e-01	2.435430491390698366e-06
2.090120328617915779e-06	1.344380022690418407e-06	5.015846418743911703e-06	9.957796538316288082e-01	4.211895821601287226e-03
9.767991895655442347e-03	4.833260071212619273e-04	2.565391405920541303e-04	1.126516290871303061e-02	9.782269800479181932e-01
4.161290463940960054e-11	4.685731058248635565e-11	3.965369721862733317e-09	9.999845243439223763e-01	1.547160223762047851e-05
8.480847621712750620e-08	1.563538245328102285e-08	1.825005848628718816e-07	9.990456675736657521e-01	9.540494818908079643e-04
1.516024306837945126e-07	2.630552923301272754e-07	1.829355706252341073e-07	9.982856873859623503e-01	1.713715020744065740e-03
1.662339055832340626e-08	1.108594744655018264e-09	2.902737976917151567e-08	9.997238278976136039e-01	2.761253430212510553e-04
1.239311855853623329e-10	1.695249696743929272e-11	9.858078243554545182e-10	9.999189384923183876e-01	8.106038098993006101e-05
4.151116815538216233e-06	1.628181805133743744e-08	2.253631752412304382e-10	9.993769554483492579e-01	6.188769276539577476e-04
1.228312336976397352e-09	5.599001430647622823e-10	1.810473888733113018e-08	9.998673205420227639e-01	1.326595650257618875e-04
5.923992806466128746e-09	1.522971103146268628e-09	2.950455462885429113e-09	1.071084499722828147e-02	9.892891446053524440e-01
3.601627112511597393e-11	9.731878655850786612e-14	4.680700407014287492e-13	9.999769944399032884e-01	2.300552351503048056e-05
5.855361754892848800e-06	7.702900157516365488e-07	3.849521061058407375e-06	9.858903423370820596e-01	1.409918249008633787e-02
5.556404845317440498e-11	4.243388777464142546e-11	3.421376308660061013e-10	9.999996588824995314e-01	3.406773649787784112e-07
7.255810118175820658e-07	4.901374907961628691e-08	2.656664620614423404e-07	9.928007409508842196e-01	7.198218787892850939e-03
3.743937563083519289e-04	3.931877397070267796e-04	2.024051376206542630e-02	4.695777595540102656e-01	5.094141451879088400e-01
1.167015762567056486e-07	2.850197010788354884e-08	1.238553224422633897e-06	9.921849341467524619e-01	7.813682096476716119e-03
1.154828153178931103e-10	1.674173502625160794e-12	6.927135080554831530e-11	9.999525556017410111e-01	4.744421183089298410e-05
1.553559898189917556e-10	8.062083151173785158e-12	1.264200789099073539e-10	9.999472209282359580e-01	5.277878192587153318e-05
7.633857678589864859e-01	1.323088131238385756e-01	4.574266726848255638e-03	5.782710942056762393e-02	4.190404286975909359e-02
9.491954870388877980e-05	5.578549759144114326e-05	7.130724393144763232e-05	2.289307767269707361e-01	7.708472109828025109e-01
3.534806212455104135e-06	1.454629697643681468e-07	1.100368000969463775e-06	9.956607716529146668e-01	4.334447709902059832e-03
2.166258588471089864e-09	1.401000000181518810e-09	5.936699917329703444e-09	9.999506796940698106e-01	4.931080197167136362e-05
1.088003972039238750e-11	8.881600827093644327e-12	2.145916623725483554e-09	9.998479066904850665e-01	1.520911438367980541e-04
1.490090372572518449e-05	3.798615871205061846e-04	1.108652077623408608e-06	2.336659823972335353e-05	9.995807622588365193e-01
2.603293167036466730e-05	1.934463431616941825e-06	3.537657572094455888e-06	9.624289516170412284e-01	3.753954333028461376e-02
6.526934288840378191e-09	3.892571607227858024e-11	3.285315122366351596e-11	9.991684817186252676e-01	8.315116826614483677e-04
3.468224639801197675e-06	5.415375435872184532e-07	3.904312588653665030e-06	9.993415126267454207e-01	6.505732984826024514e-04
2.077307108843743868e-06	1.447070403544049804e-08	2.816857240433498062e-08	9.999903620526150450e-01	7.518000999626940520e-06
8.150360631640251346e-08	2.179996138200599364e-08	2.294376860311461876e-07	9.995543356523224343e-01	4.453316064238643942e-04
1.843512861531759420e-06	3.935865961751497436e-07	8.778451619478076239e-06	9.961155203448391893e-01	3.873464104083421209e-03
2.513817467060088513e-05	4.161951564426226999e-05	7.775326190790698229e-05	8.539522106835844770e-03	9.913159669409414843e-01
1.496321953114464563e-08	7.667226532308678308e-09	5.390035499104098636e-07	9.997930515089409331e-01	2.063868570630066101e-04
3.147469485472362182e-10	2.410665149875300315e-11	1.992039072968279014e-08	9.966032457329384586e-01	3.396734007817025017e-03
7.357686897232367561e-11	3.602387192401915884e-12	1.046622329205902284e-10	9.999806997548845722e-01	1.930006327409987244e-05
1.158107168688439924e-10	3.868258085202313942e-11	3.707228343100176855e-10	9.996657646666554653e-01	3.342348081283628243e-04
1.151119329882952294e-08	3.534164144131793176e-10	1.277304573650934528e-09	9.809144978719729346e-01	1.908548898611275857e-02
7.413892816642982771e-07	1.439628453359004678e-07	3.205568049429117367e-07	9.995601714802608839e-01	4.386226108071745360e-04
2.293953839645643863e-03	1.457512955581069134e-03	9.106558599466659204e-05	2.807105751312986494e-03	9.933503618674656144e-01
2.475751406678399311e-09	2.245421750136869209e-11	8.201089626998369658e-11	9.984233866991625295e-01	1.576610720620817132e-03
4.246929722393730754e-03	8.433915414136832845e-04	1.729182152055601732e-04	8.141795612709851887e-03	9.865949649082771389e-01
7.743054284614227004e-06	4.166807758338122894e-05	2.334950404331837784e-05	2.657182626537113544e-03	9.972700567375516467e-01
4.777681000000226705e-06	2.980555069685186824e-06	5.856704356375844590e-05	8.886551835568669011e-01	1.112784911634995683e-01
5.663856127580885542e-07	1.312647249928253578e-06	5.959766459255480889e-06	8.683459753278754967e-01	1.316461858728025514e-01
5.170706677978834791e-14	1.733799390558152099e-13	2.115808427623209567e-10	9.999887111729121036e-01	1.128861528193043061e-05
3.706392401381753771e-11	8.051208277219818737e-14	5.162925460930437813e-13	9.999648819312032533e-01	3.511803113591371715e-05
1.678213598910015368e-10	2.211604350248123562e-10	2.866736833400587258e-08	9.995982043454902932e-01	4.017665981596931250e-04
9.296254379516373349e-06	1.963666799601032863e-06	1.269321493573518007e-05	9.930392533509434516e-01	6.936793512941756036e-03
1.065344874049971726e-12	1.820251955578703919e-12	7.156247866238300623e-10	9.999008394520249032e-01	9.915982946470413325e-05
1.673946890391481501e-05	8.196004915016030210e-06	5.888089066347013817e-03	8.054328965237160520e-02	9.135436858074624800e-01
1.724805631332174748e-05	7.758010092300570343e-06	1.422783564277631573e-05	3.383063394196128559e-02	9.661301321559904176e-01
5.708179064655758347e-10	1.928339616440551294e-10	1.027513670484563223e-08	9.999976435424977605e-01	2.345418713796569726e-06
3.052909847093818285e-09	4.837288225635540137e-11	1.244157302493700504e-08	9.999981406142440798e-01	1.843842900078944751e-06
1.000769204195334958e-09	3.774186744321895168e-09	2.237612526526853158e-07	9.991019375495308052e-01	8.978339142605043337e-04
4.160964592074340904e-04	2.155630708660376027e-05	6.656414013993685154e-04	1.383806580618344865e-03	9.975128992516881787e-01
3.126754511191562558e-05	6.864449113430045873e-06	1.620356056963493438e-06	5.141673963771978137e-06	9.999551059757538773e-01
7.590415989451712491e-09	1.040117123750953150e-10	6.788915642319133381e-10	9.990314134062092677e-01	9.685782204716093888e-04
6.624255854102351272e-13	4.169039465637147569e-13	1.083128362155794308e-10	9.999594927629018581e-01	4.050712770614922772e-05
2.406757081661798315e-06	7.935568182303819154e-07	8.801219480488240007e-06	5.514625075331623938e-01	4.485254909334573381e-01
1.818944842201945192e-03	3.076784971913437347e-02	2.569507814103789327e-04	3.400851044241108047e-03	9.637554036130121515e-01
5.344718132030487857e-07	9.791428921448540692e-08	9.791468367377431847e-07	9.960687081886219207e-01	3.929680278438979837e-03
1.092992637623646462e-06	4.902036790558520479e-06	5.506285130511219659e-08	2.886099164233126707e-04	9.997053399912971816e-01
4.128817888995262817e-07	2.119920426838764586e-08	5.076665969800482013e-08	9.985160548613591924e-01	1.483460290988005857e-03
2.955918848681452172e-08	3.494108166470663475e-08	1.918091289814777571e-07	9.875927528401124977e-01	1.240699085048834610e-02
6.553323347060742948e-06	1.733719468789161028e-06	2.298961161133382055e-04	6.177633666569857553e-03	9.935841831745009234e-01
1.990148844533907503e-04	2.433102000653254173e-04	8.954669915110468584e-06	1.914797881302478027e-03	9.976339223642637366e-01
1.715656395452238270e-10	1.356563182436593463e-11	5.764838593486672827e-09	9.972054363466249516e-01	2.794557703405144058e-03
8.912247730516427636e-06	2.144643005065904471e-06	9.709771154392278695e-06	5.216856439566995851e-01	4.782935893814104777e-01
3.245879925479003698e-05	1.425533859769980745e-06	9.669412178497030502e-06	9.910988010504589996e-01	8.857645204247862475e-03
1.842150288806905397e-06	5.210152874304846781e-06	2.289234159186843235e-05	3.449758990074271951e-03	9.965202963651708101e-01
1.043454161809677719e-02	2.749341088841862342e-04	1.666028444248251705e-05	2.160299005035073560e-03	9.871135649835414139e-01
1.027495955528821442e-10	5.098234112478779392e-12	5.755733478693622832e-10	9.999446762620276541e-01	5.532305455109412290e-05
8.855635980615844359e-09	1.839816262315982308e-09	2.584476358045986136e-08	9.999201260883578968e-01	7.983737142607155496e-05
2.553860822650079765e-08	3.236219617096173651e-10	4.620414266740328087e-09	9.976701791408365549e-01	2.329790376519001293e-03
2.764479826555716366e-04	1.926342777376300466e-05	2.846672131326284118e-04	3.125455089425584476e-01	6.868741124338796356e-01
7.987757022124344251e-10	2.345949144946998025e-12	4.575017074935830046e-12	9.976917876557436227e-01	2.308211538559666164e-03
4.393783119940413074e-07	1.948544096006177158e-08	3.871446393064037437e-07	9.955533109671116376e-01	4.445843024496258858e-03
1.122994164277977525e-09	7.857124584693258173e-11	3.906149135103130576e-09	9.999094798629530878e-01	9.051502933236988996e-05
4.105962067078082450e-07	1.231612694765933282e-07	7.411258068406364717e-07	9.996638867832002839e-01	3.348383335167050929e-04
9.103769499001572498e-06	1.379459222898856728e-06	7.797397341112498334e-06	9.913044866521247833e-01	8.677232721812359884e-03
1.608099838881801004e-08	8.789580210000063810e-11	4.526534415032318156e-10	9.986424161910959496e-01	1.357567187356511660e-03
2.780775829821179497e-10	1.348050909233746911e-12	5.344534932632702699e-11	9.764484637395592914e-01	2.355153592756974515e-02
1.719135236844637304e-08	4.329515036270020093e-09	5.175093918891542092e-08	9.998150759578533497e-01	1.848507703400841960e-04
4.120250930731247300e-07	2.920462250288221909e-07	2.242192284965017929e-07	7.616944147172268753e-01	2.383046569922264157e-01
1.318025690263820627e-06	1.319424577690099578e-07	3.080832437034015459e-04	8.114102656309693865e-03	9.915763641318388055e-01
3.830644544736755353e-09	5.662076677421148894e-10	1.987293239369007799e-08	9.994786497486951582e-01	5.213259815203637919e-04
2.051060966039251488e-08	4.597183211199425196e-09	1.140324183032715085e-09	9.992196803572327424e-01	7.802933946501819373e-04
2.485449792553108087e-10	1.809361157604588323e-11	3.904015481185436728e-09	9.999961145589625344e-01	3.881270383309966028e-06
9.909670131697482232e-01	2.880187777440079960e-03	1.711275495782917599e-04	3.746354899797418008e-07	5.981296867743358600e-03
4.977060131576804521e-05	1.183693193158302211e-05	1.798518023288016597e-05	9.242450852897980962e-01	7.567532199672169502e-02
1.380453878956951600e-12	3.566735213586740508e-13	4.690857900198449339e-11	9.999999387711420162e-01	6.118021236035003449e-08
3.420407156384471240e-07	1.028205430012403222e-08	1.266960405847989066e-08	9.776061398683401071e-01	2.239349513928582183e-02
2.319927249820296494e-02	1.185984935710309719e-05	2.515683887908391848e-05	2.276279762140679119e-01	7.491357345994930084e-01
3.265699746898761519e-07	1.872363524070681092e-08	2.393967762964909040e-07	9.881095679393421261e-01	1.188984737027186551e-02
5.294752975056222493e-10	1.491738970923459858e-10	2.085542573988812037e-09	9.999975559742271258e-01	2.441261581181123280e-06
2.814765514518650322e-06	9.620311001019870012e-09	3.931885151781559952e-09	9.998605619667648714e-01	1.366097155244698263e-04
1.164996886358730109e-08	5.192259966399167596e-11	4.422606186430678514e-11	9.639172961273602125e-01	3.608269212652238239e-02
4.112175116034184065e-08	1.881824203040387196e-05	1.538596512547960886e-05	2.561153968783415613e-01	7.438503577927514376e-01
7.367669232499519938e-04	2.796423095350658225e-05	3.410328411366795459e-03	9.957952033201784570e-01	2.973711425125761786e-05
2.798399991299906444e-04	4.879257240591519787e-05	4.621061856367290215e-04	1.196628074314978057e-01	8.795464538113294539e-01
1.973473309141250697e-16	1.984335282521754357e-17	1.078143969323505899e-14	9.999774009831939869e-01	2.259901679499844485e-05
6.822412321294248289e-05	1.067160696964857710e-07	4.443772150184521049e-07	2.378984078907296715e-03	9.975522407045950279e-01
1.746781366118233927e-05	5.730268646447544877e-07	2.321011017330707629e-09	8.701960213804494166e-07	9.999810866424416744e-01
6.418164995996878828e-16	4.110221039898775508e-15	1.705828301704748925e-11	9.999915142508096766e-01	8.485732127171121081e-06
1.713519072087128976e-10	1.053939734784640235e-10	4.114791338156466651e-08	9.999879102849634771e-01	1.204829037716763083e-05
2.336562971738729760e-09	1.695750924631535443e-09	2.234408355927629532e-07	9.999228702744210606e-01	7.690225242945161245e-05
9.332253380285309152e-01	6.631352581260888113e-02	9.739596168449404052e-05	1.226116653926871261e-06	3.625140805218252972e-04
6.840531267855222983e-04	2.972326447182222257e-05	5.971582738145428480e-04	9.986874246054099347e-01	1.640729518191039335e-06
2.919369221895337239e-08	5.357185792075475512e-11	2.571879631525320980e-11	9.827356554125085131e-01	1.726431531450857079e-02
9.116490625376291065e-06	2.296703861931228250e-04	1.697579746672803845e-05	8.559839733042333074e-03	9.911843975926724060e-01
1.749457500163678796e-05	8.590158266276002672e-06	1.320254281681457924e-04	1.459320714131275010e-02	9.852486826972510769e-01
9.571885501141457890e-10	1.768837824249495508e-10	1.088675114259843195e-08	9.997588677740839591e-01	2.411202050927664685e-04
4.870609878465677507e-03	6.108016437083498701e-03	3.336979766585523584e-04	9.828504109056492855e-01	5.837264802142832186e-03
3.431105646538420733e-06	6.146370567813251518e-08	8.499531402557512943e-07	9.934859094854771033e-01	6.509747992030575497e-03
1.766532682567615404e-08	4.173163938179313294e-09	2.321992070275035139e-07	9.997490294605253514e-01	2.507165017769153771e-04
9.697260758561314593e-14	6.905740102034394548e-14	3.180121367296019811e-11	9.999971078436338257e-01	2.892124399035406304e-06
3.585138617832122569e-04	9.924203042684053289e-01	5.031827038125281579e-03	2.481748198218122021e-05	2.164537349703871995e-03
1.403153425957347022e-06	2.204469419970089645e-08	1.034456193456107371e-08	9.961671285814446275e-01	3.831435875873379256e-03
4.061424920126913872e-06	1.358627850812939679e-06	1.078980352022937364e-05	9.786082868396224210e-01	2.137550330408652388e-02
4.145947572199841507e-07	3.877733112928547369e-07	6.522501436308873676e-07	9.998817438494234100e-01	1.168015323645394912e-04
1.255116800890589940e-05	1.222194523527683272e-07	5.269593730028902919e-07	9.693379749883536123e-01	3.064882466481226586e-02
4.007452045128468560e-05	7.506693669273784876e-04	1.738745449555932610e-05	8.059362877689281966e-04	9.983859323703568878e-01
1.334464927604100118e-06	5.192993811634844817e-08	1.637843547758164949e-05	8.513699666924695597e-01	1.486122684771873093e-01
6.347851960754998970e-09	3.914122948603508023e-09	2.531274234863746430e-07	9.965664914594408730e-01	3.433245151160699109e-03
1.043503152688186336e-07	2.040377595201370997e-09	3.231516375600275878e-10	9.918999930637781848e-01	8.099900222377456882e-03
4.229543336993935233e-07	5.616924446476481749e-08	6.659330120489704178e-07	9.961473757236003479e-01	3.851479219809592069e-03
1.659230662020568694e-06	1.097843096739929175e-06	3.055329177623289679e-06	9.291123597515864585e-01	7.088182784547705784e-02
3.022032490383887239e-07	8.281822025858823819e-08	4.599570061424705075e-07	9.976874025752273667e-01	2.311752446297070298e-03
1.845604902493064097e-05	1.625717112887338991e-06	3.263155211894701037e-05	9.581562205796848586e-01	4.179106610205853695e-02
6.614435245719313075e-07	2.408710898860571451e-09	9.504561244292355846e-09	7.954012126413255723e-01	2.045981140018776900e-01
1.189885157267292765e-07	1.237071978633677002e-08	6.811693650867014491e-08	3.797635797676537917e-02	9.620234425470625128e-01
6.953503434647873443e-06	4.183915072358485853e-07	7.128169918308370110e-06	9.990463489570027278e-01	9.391509781371691666e-04
1.267641698355328681e-09	1.386982845072142153e-10	2.798563251409339681e-09	9.998611654269876636e-01	1.388303681091590915e-04
2.215944166384672125e-06	1.528627623271624465e-08	8.031248723637424957e-08	9.871253841707844368e-01	1.287230428628573578e-02
9.707825870055272787e-05	1.325694789238915971e-05	9.410071751275723706e-01	5.887882430689295177e-02	3.665358941785125549e-06
2.631778330399576255e-06	6.295098355804836039e-07	5.150204461757755069e-06	9.988230146712484547e-01	1.168573836123724735e-03
7.330522235461635318e-06	1.719844090029277575e-06	1.556619421413072568e-05	9.988572628447072166e-01	1.118120594753078826e-03
7.354227334350785607e-09	1.902947693376962139e-09	5.551559381996790027e-08	9.974897301029275187e-01	2.510205124303666480e-03
7.682626308151846770e-08	1.181472143487228435e-08	8.823761275906466590e-08	9.974046995004092198e-01	2.595123620993443694e-03
7.179468168255008606e-05	7.961739623070806652e-07	7.532277065479301144e-09	2.058593976795724005e-05	9.999068156723102119e-01
1.559833594579148255e-09	4.126368993540502427e-10	4.902150717081747388e-08	9.999924705160245786e-01	7.478489997845729875e-06
1.220446595642351906e-04	1.016459925736006291e-04	1.398494493466529538e-04	8.644375397126160543e-01	1.351989201858993517e-01
5.951219853649243348e-09	1.538500872435609284e-09	2.113662639773183698e-08	9.999984438343703097e-01	1.527539282567133419e-06
5.010351969320423317e-06	1.019586413323416897e-07	4.327516621135349631e-06	2.902500280429829577e-02	9.709655573684699004e-01
1.799285900813840706e-11	3.891281240630706420e-12	2.909524688794292135e-09	9.987709258544967827e-01	1.229071214094301732e-03
4.526091720351934939e-05	6.806014015827731874e-06	4.887444291884032025e-06	9.968733757664630657e-01	3.069669858025679716e-03
4.173199498188317261e-10	5.385910150172025352e-10	3.653622403710905175e-08	9.999870453421582095e-01	1.291716570658073392e-05
4.102142527204691996e-02	1.155372305211713104e-03	1.326289639770649787e-04	8.521392399761809067e-01	1.055513334825832900e-01
1.479424599592514022e-05	2.234364073312208889e-06	2.511831569622009378e-05	9.946382078967903606e-01	5.319645177444216021e-03
4.473483674389051014e-07	1.667404395987752340e-08	1.897029754291371758e-07	9.961218370554706381e-01	3.877509219142513501e-03
3.007559969673077283e-11	4.452854270873028628e-10	6.220453245151500032e-09	9.972174708464474069e-01	2.782522457738283422e-03
3.128113513939244582e-09	2.358242805402647535e-10	1.083832203357475904e-09	9.408566052055473694e-01	5.914339034668259637e-02
3.573290955144411307e-05	2.703254542469786153e-06	1.771845112948213310e-04	7.345514073889254994e-03	9.924388652507220021e-01
1.295230190377881074e-03	9.986969589814239656e-01	4.844172048955340684e-07	1.001560785970302644e-11	7.326400977640440244e-06
1.880646878547088058e-08	5.452699528141996601e-09	1.223314751296078080e-07	9.980154190582593010e-01	1.984434351097252164e-03
6.196020529604852467e-10	9.952671102057275639e-11	8.864691978825939596e-09	9.999978893442775796e-01	2.101071901555920131e-06
6.976104959120475079e-06	1.115070183666744149e-07	1.112833656515140312e-06	9.743224767033115130e-01	2.566932285105446437e-02
2.143903655310698956e-05	3.073549929440989967e-06	1.652821656178132402e-04	9.998100479664017159e-01	1.572814978008209673e-07
2.481024468470621113e-06	1.033224850735394595e-08	5.383868207286416411e-08	9.951538796184770108e-01	4.843575186123904620e-03
1.229534767350110051e-14	1.594718556797381185e-15	2.988948906726195193e-12	9.999958871541112515e-01	4.112842885751848742e-06
2.177925926047917673e-07	1.815826378641727108e-07	2.672856102328617617e-07	9.589933336459754987e-01	4.100599969318390048e-02
4.372837534203162415e-05	9.530151571573452122e-07	4.207192250131832927e-07	9.936328051027244479e-01	6.322092787551258225e-03
1.222691114954732362e-08	8.592028768500990433e-11	4.131915039875361839e-10	9.977770781496285712e-01	2.222909124348444645e-03
2.127946538369505924e-02	3.571693264075701674e-02	4.077686442188640376e-03	9.193265024116541451e-01	1.959941312170512817e-02
1.071719311930211224e-11	1.290103534536877758e-11	5.866722053164601546e-09	9.999920398378940867e-01	7.954271765756849540e-06
6.182246680361995201e-07	7.319829766376581185e-08	6.954255593693434075e-08	4.583500297134270873e-01	5.416492093210513170e-01
1.412645289809240671e-11	2.986510944964978579e-13	6.951631578469172907e-12	9.999909052140125709e-01	9.094764610741262983e-06
2.077758742888681573e-11	1.743293476988323102e-13	1.598315652044166365e-12	9.999817891308910855e-01	1.821084655879954902e-05
1.632186835374738915e-10	2.772329290761193955e-09	1.807598806559463379e-08	9.942996556404304354e-01	5.700323348033432130e-03
8.908328092349017402e-03	1.288125687651031359e-01	3.942846016910830226e-03	4.874345314884678121e-02	8.095928039767901208e-01
4.011384711192359019e-06	3.258636950843974750e-06	2.983539102183498104e-02	6.229601714018910830e-01	3.471971675546119407e-01
3.381783366095983357e-04	1.542470968552140233e-05	8.796806062021182140e-05	8.015400994737363893e-01	1.980183294193484378e-01
6.394263022476835981e-13	5.170599137559553881e-13	4.377598548217367839e-11	9.999965697026649281e-01	3.430252402493279728e-06
2.507013781897680659e-17	3.710497603688783883e-16	2.201099239460957048e-13	9.999996566715680935e-01	3.433282114609675192e-07
7.145176797986158224e-08	3.217064020236075044e-09	4.616148243656508104e-09	9.997669331894221134e-01	2.329875255975780038e-04
2.220915255386013564e-07	3.001210586538964815e-09	3.509837852104532030e-09	9.924603052886407095e-01	7.539466108785466622e-03
1.430462087893840371e-10	7.426819274773603371e-12	9.297998201145929070e-10	9.999969136005903980e-01	3.085319136891079810e-06
1.077754564938867106e-09	1.108849979782868569e-10	4.100710784342873328e-09	9.972983536029457197e-01	2.701641107703959752e-03
1.531617275016817136e-03	4.925968289234137262e-06	6.428222268041025502e-04	9.976210581561252289e-01	1.995763737646974705e-04
9.443683698060566016e-09	1.803001240151773147e-08	1.311097905622745192e-07	9.975535070082210964e-01	2.446334408292274217e-03
3.917305176760101897e-08	3.468895850837774527e-09	2.554097359314140720e-08	2.363834626012215404e-02	9.763615855569567348e-01
1.294599653092818443e-04	3.009394320491529491e-07	2.870534810540167039e-06	5.780774889364620819e-03	9.940865936710835404e-01
2.571793411476337005e-04	1.652890629212925617e-05	6.586976429949467551e-04	9.973181397917299171e-03	9.890944127116481077e-01
9.024751944450061254e-04	9.927531474576674282e-06	1.143140899211452134e-04	7.428461529213073672e-04	9.982304370312380382e-01
6.172276658023399442e-08	8.097683652717324072e-08	6.559123400970819598e-07	9.981345645706589664e-01	1.864636817397865350e-03
1.002754947352882503e-05	9.307530652001143601e-08	2.109983832094098719e-07	9.917613601159463999e-01	8.228308260890153381e-03
2.094531771291460577e-08	7.148400847109951406e-10	3.591234774323253025e-09	9.999881111598128980e-01	1.186358879462966483e-05
2.972012001385818461e-02	4.832975910606333164e-05	4.875849249651603858e-05	3.392246020699589137e-01	6.309581896645802823e-01
6.100428671382816113e-06	7.288913574431003086e-08	1.098495462636361241e-06	9.613909309896934152e-01	3.860179719703688006e-02
1.500913924629925787e-05	7.821616344009112110e-08	2.028494509998821965e-07	5.940508623175880416e-03	9.940442011719633486e-01
1.723840342427513972e-06	4.877051422015010261e-09	2.355508026471968174e-07	9.561539080980748784e-01	4.384412763372856625e-02
9.237844893921922243e-12	2.077533891271136119e-10	1.285720268411424599e-09	9.990152426807198394e-01	9.847558165687476505e-04
1.755606287764912817e-11	1.778810379974719523e-12	9.409347408190548274e-11	9.998718222870444094e-01	1.281775995273265359e-04
4.103883618056813756e-07	2.107753683039816931e-09	9.129611940690709491e-10	9.968819455398773011e-01	3.117641051045958248e-03
8.888502397861897334e-06	1.516685901717336254e-05	1.347688725276000379e-03	3.067123005910450950e-01	6.919159553222639092e-01
3.944027040718869765e-06	6.277596063865780595e-07	6.131328741344854249e-06	9.768555906347722306e-01	2.313370624983926774e-02
2.386361172214633628e-08	7.837457511142903267e-09	1.160820819238367427e-07	9.948296575511332840e-01	5.170194665715631410e-03
4.810309960112579413e-07	6.746048431128798189e-11	7.639085402598695631e-07	9.999987548908735313e-01	1.021297485948951622e-10
1.580001235782943887e-07	8.075023873758081050e-09	4.290366167589837026e-08	9.974552975271795408e-01	2.544493494011235667e-03
5.169755160506636886e-08	6.353872173867890392e-10	5.143232838326567203e-08	9.912827073147946200e-01	8.717188919938176697e-03
4.994338066719710562e-04	9.994632429228577086e-01	9.269550059490278069e-07	1.477820712820950514e-10	3.639616768237926837e-05
2.465566695619123655e-08	1.572862600085220993e-10	9.468858993214312359e-10	9.988264185866589928e-01	1.173555653501897732e-03
1.927557365612075815e-04	1.206890432009272336e-04	2.842320995574460871e-05	8.519707277159169756e-01	1.476874042943651100e-01
1.147865363542688353e-07	9.526102913628178313e-10	9.012434422396008790e-08	9.959493860767653084e-01	4.050408059743763889e-03
7.450566056504386971e-11	5.359437359834316089e-11	9.082026746359466574e-09	9.998207943343315751e-01	1.791964555415718411e-04
3.121613022005660654e-02	5.854676248920369364e-02	8.541209623834865594e-01	1.806356918364358799e-02	3.805257572360965651e-02
4.627444690486456166e-06	1.281685538746859441e-06	6.351151849892808720e-06	8.573707940424627472e-01	1.426169456754581844e-01
1.019239941170709941e-05	2.194298830026765069e-06	1.526553442256932592e-05	9.839269471774624298e-01	1.604540058987333553e-02
1.298970666642536948e-03	2.452726127909301873e-04	2.004379220453748597e-06	1.259627062913288599e-05	9.984411560707169286e-01
5.018478646115748258e-07	1.497452488983278280e-07	4.125784754147091423e-06	8.835338676318154061e-01	1.164613549903169842e-01
6.250420996137736338e-04	5.356304583977621785e-04	6.921512718039419046e-03	1.246533534288550744e-02	9.794524793810636121e-01
5.994564064631502122e-08	2.212091724943090730e-08	3.259823152849180390e-08	9.999895664172845366e-01	1.031891792601905275e-05
2.913927925294400950e-08	1.394876107567435771e-10	1.562511349593850887e-10	9.997841642050913080e-01	2.158063598906965629e-04
5.334489229495291710e-08	7.750997895508462385e-10	1.215601474918918304e-08	9.993166330968763500e-01	6.833006271168139568e-04
1.505876624857760970e-01	6.014339315264738417e-01	2.475808770815009496e-01	3.740272173007715628e-05	3.601261845192326849e-04
2.393910741599493142e-07	3.239090583594504261e-08	1.372536441917109823e-06	9.986228023443723956e-01	1.375553337205689215e-03
3.927067204203318819e-07	3.044955865295679726e-09	1.477634870016910690e-08	9.940111025455842242e-01	5.988486926390722276e-03
3.205097520950492165e-11	3.388005430131954540e-12	1.232456796373764288e-10	9.999926131138122676e-01	7.386727503230372069e-06
9.690791355441704655e-09	1.863018052275313554e-09	9.679974154773905010e-08	9.995601398938092075e-01	4.397517526396951945e-04
6.111563490769409877e-09	8.076958666974003605e-09	7.287275301578977689e-08	9.959486956429061122e-01	4.051217295818850504e-03
5.458943096586492301e-09	5.680008700303460138e-11	6.875301639792604824e-10	9.990015497593052185e-01	9.984440374215264053e-04
1.568633713558275281e-12	3.654697338525505793e-13	2.742406043592785522e-11	9.999941599261328307e-01	5.840044509066087608e-06
1.052450604996527114e-06	1.331710413371282778e-06	7.821379980555219927e-06	9.909792147627295433e-01	9.010579696271562439e-03
5.568285069400961767e-09	2.319855550262762109e-10	4.690599830904796398e-09	9.991810786365579178e-01	8.189108725717722742e-04
3.979699818984761367e-09	1.746623635895205334e-09	7.845408655093451812e-08	9.998493410972283391e-01	1.505747223616083809e-04
7.705984339623689884e-07	1.222756516492561345e-07	2.894276520150602381e-06	9.987391210476155301e-01	1.257091801778703003e-03
1.103114808750613499e-04	2.357853620000159480e-04	1.450661535885885262e-05	7.376255123313743001e-01	2.620138842103916788e-01
3.177796548037587626e-03	5.244592167340867035e-03	9.813664434499876910e-01	8.437419319537486570e-03	1.773748515096590286e-03
1.621297309306693397e-06	2.974720970149534796e-08	2.961588562503998855e-07	9.994396888492376174e-01	5.583639473871168700e-04
1.486432661210472701e-04	2.752559170185539211e-06	3.556519549532016528e-04	9.994923315073945824e-01	6.207123609188993406e-07
