crown_ids	AC	LI	OT	PI	QU	
508	1.8522755262247305e-06	8.775643126731102e-06	8.01286144235757e-09	0.9774351906154743	0.022554173453011347	
95	0.00027914969991047373	0.0006318126898673777	7.189842173309666e-06	0.8137036535153657	0.18537819425268323	
373	0.0004048989648496099	0.9994788294540488	1.2570612839167202e-05	7.653502457459477e-07	0.0001029356180169288	
561	0.00609115609359409	0.00029326016397985573	0.0027016365325471096	0.9888010890677683	0.0021128581421106674	
266	1.6639329296695998e-05	0.0007144593973336179	4.531151561992213e-09	0.011539355451250476	0.9877295412909676	
612	0.0002791589660889704	0.00011583700969783135	0.0001423731637742413	0.9878846122330133	0.011578018627425714	
232	3.5325028214840006e-06	1.1673867849143931e-05	1.9334336017183423e-07	9.093108931622432e-08	0.9999845093548798	
53	0.00014261310633427525	3.0172489770910673e-10	3.5117914823794776e-09	0.9799405262967017	0.019916856783447682	
25	4.600896933668286e-08	1.927308404603255e-07	1.2608946970731532e-09	0.9999667481436064	3.301185568910277e-05	
352	2.839610447044157e-06	2.683090579039322e-05	1.2556470306365099e-07	0.9557726105559857	0.04419759336307373	
622	8.683999583335413e-07	9.08825936240164e-06	5.282608966449167e-09	0.8152338058611115	0.18475623219695886	
180	0.0011252135638575725	1.827198130409909e-05	9.346592497542462e-05	0.9641185691787932	0.03464447935106951	
265	5.5791730631844695e-06	6.798436989807867e-05	8.178147365414008e-09	0.005843884054375922	0.9940825442245155	
455	0.00023311471858681	0.00022568655867620296	2.6176475217723864e-05	0.7011747572507284	0.29834026499679095	
490	0.0020259231319319565	6.501624962957425e-06	0.0003810595449978297	0.009373494786169561	0.9882130209119376	
612	5.564591145910977e-07	9.350938577321789e-11	3.9864413700936017e-11	0.9999921479387137	7.295468797824499e-06	
295	1.4006552841732594e-05	2.944836455943571e-05	2.0408617486321772e-07	0.003131862300411063	0.9968244786960129	
100	0.0002398633905545119	7.826068845545554e-05	7.4282837401329016e-06	0.9996028753853943	7.157225185584103e-05	
298	2.708824972529878e-06	1.6299183848328982e-07	4.3303233616151935e-08	0.9999316160468084	6.546883314708373e-05	
4	0.00019249191894656496	3.252215138676797e-07	6.367508963315797e-07	0.999541339851877	0.00026520625676615227	
394	4.334295818487648e-08	4.1170273087455194e-08	1.753304102335962e-10	0.9992940830417842	0.0007058322696540908	
13	4.945314406570587e-08	4.947859655639773e-08	2.0880179631554872e-09	0.9999972769252792	2.622054962304837e-06	
547	0.004603122092286248	2.4814068453874423e-07	3.177015462655772e-05	0.02633124643536811	0.9690336131770345	
450	4.670257602791591e-05	7.147470406528982e-08	1.2654224031008923e-06	0.9981621524941315	0.0017898080327335372	
54	4.595949751782414e-07	1.8866253578005202e-07	1.1083710799588688e-07	0.9999740240355921	2.5216869788998215e-05	
435	5.397952973676068e-05	0.0005019051009129555	1.2773944040857726e-07	0.15235967620836693	0.8470843114215428	
231	5.899526157875569e-07	6.780183808734157e-07	1.2030134358981097e-07	0.9992175238991344	0.0007810878285253661	
302	0.000376896098404993	2.2415942523835442e-05	0.001601747690900665	0.349204311286005	0.6487946289821656	
114	1.8440904061020453e-05	1.5072874415007174e-05	3.913379724918864e-06	0.9936515050789666	0.006311067762832346	
423	8.234700663287971e-06	3.2511906190011874e-06	8.955103866300328e-08	0.9944026198602172	0.005585804697461802	
399	1.2453815174285859e-08	1.697509897065945e-08	8.768764550707072e-11	0.9999481341780639	5.1836305334179784e-05	
253	7.425559317155242e-05	9.960492356661861e-05	5.3961465213709636e-06	0.9968783644486804	0.002942378888060145	
493	0.009788969199791973	0.0020432482072137437	0.0013017673013365292	0.8779725256444735	0.10889348964718439	
484	1.210916460477998e-05	1.1047228236275168e-13	1.7308790145643334e-10	0.0018156424858016705	0.998172248176395	
283	1.2333414858412563e-05	7.153226831075584e-06	5.3790602253796e-06	0.9998999479561043	7.518634198094035e-05	
401	0.0075458791940714925	0.9481894761988631	0.04216054526297703	0.00020337756504611705	0.0019007217790423254	
313	0.006033306442753885	0.00022358573189020666	3.5622222527120014e-05	0.24078963050815472	0.7529178550946741	
471	5.364742950187316e-06	6.312049096185889e-06	1.076839271492952e-07	0.9953202445403551	0.0046679709836714	
161	2.340484709204022e-08	3.7321448183451644e-08	4.5565075017344644e-11	0.946770240436958	0.05322969879118151	
567	3.625619049795953e-05	0.0002847268821851722	1.4919182343539108e-07	0.8290385473807215	0.17064032035477195	
601	1.70518055949344e-06	5.880391703603317e-07	3.247519269106251e-08	0.999826393181692	0.00017128112338545194	
291	8.269365722691787e-07	1.7457628020288716e-06	2.3712064283915396e-09	0.8407107918362902	0.15928663309312918	
272	1.6611067576885786e-05	9.115609441270088e-05	0.00016100394711538325	0.9404370465852252	0.05929418230566982	
402	2.543904403601296e-07	4.0805070295670964e-07	7.604191438619532e-11	0.9876705340736124	0.012328803409202536	
304	5.25589158834976e-08	9.659917290542695e-08	1.3068620501395043e-07	0.9969138437035542	0.0030858764521521725	
426	4.025116722972441e-06	5.090656397045027e-06	2.9661671730088476e-07	0.00025050424070054004	0.9997400833694621	
31	5.219070978335036e-06	1.0535323004213838e-05	1.682094203694898e-07	1.2510148826350557e-07	0.999983952295109	
366	2.2828552186187748e-07	5.972982605101199e-06	2.228833732246283e-10	0.9305359544053604	0.06945784410362918	
237	0.994880442562089	0.004643617381694157	1.1568484382667782e-05	8.974074519566298e-05	0.00037463082663862125	
324	8.81422474315446e-06	8.46681123011708e-06	3.430399872228078e-07	0.9786500970639429	0.02133227886009664	
375	5.794903451955006e-07	1.5512451977309287e-06	4.334293907512169e-07	0.9999849228335558	1.2513001510523398e-05	
391	7.029595795725957e-05	1.1789775108547794e-09	1.6961734580206977e-06	0.8655886662365332	0.1343393404530739	
221	1.12472825116137e-09	1.4456896449088607e-08	4.998182625140778e-11	0.9999865397959462	1.3444572447222378e-05	
235	0.955027242211285	0.04292601560028034	2.659038857765445e-05	0.00025337935727854835	0.0017667724425784713	
234	4.4714223971645794e-05	1.2228213784783344e-05	4.926928651522684e-06	0.9895516468638006	0.010386483769791418	
133	1.0021474461637436e-06	3.116660120828088e-06	1.4215268262569959e-07	0.9988905466925253	0.001105192347224881	
72	3.083895294040129e-07	3.718861475180945e-07	9.522520376274724e-08	0.9999937266073887	5.4978917305934785e-06	
95	5.63028895274449e-07	1.539087254063414e-06	5.1615258194675174e-09	0.997572390452613	0.0024255022697118036	
298	8.835757533970444e-06	2.050035406452077e-05	8.679001506319411e-08	0.9911555968107418	0.008814980287644632	
266	5.216001074792338e-06	0.00040355761525219736	1.849282796079777e-08	0.0002420206603882527	0.9993491872304568	
505	3.88306994584229e-05	3.833820300193141e-06	1.8218585299254114e-07	0.9999396951411664	1.745815322179792e-05	
398	4.016872545390847e-09	4.6447694680954435e-07	6.698626546566292e-11	0.39789741649597693	0.6021021149432175	
361	0.00012372262171842375	2.9199972752779337e-05	3.8771287604735714e-05	0.9619501804400671	0.03785812567785688	
199	3.7874371300052166e-06	2.4036100431085374e-06	9.32081807711415e-09	0.9992543567603878	0.0007394428716209232	
265	0.0012369233212898589	1.0729963527953322e-06	0.00012431437462605407	0.0009288431293234613	0.9977088461784079	
114	0.00013194154625727013	7.5652652701080685e-06	2.1968403536175545e-05	0.9845516564146976	0.015286868370238951	
168	3.688940255784812e-08	5.385480776361856e-08	4.919200946340214e-10	0.9999768721309393	2.303663293026949e-05	
292	1.48395434902545e-06	1.1454128931397604e-06	1.4979457779508928e-08	0.9805568472717227	0.01944050838157743	
450	0.00047607017279422916	2.286595304914817e-12	4.688010943763701e-11	0.9210190072069763	0.07850492257106285	
133	8.689067297281372e-06	6.524687933764584e-07	1.3985382628415727e-08	0.9996761556314232	0.00031448884710346217	
414	4.2038266244545085e-07	7.245037202073453e-07	6.974168828109733e-08	0.9999813467368014	1.7438635127489702e-05	
473	2.931578586887483e-06	1.1478265664941086e-07	2.812690198607342e-07	0.9989725671694317	0.0010241052003048716	
233	0.0013857037024066663	6.460864061463845e-06	2.0034830640829338e-05	0.9981291827920723	0.0004586178108186638	
382	8.290742377161042e-05	4.045585473418233e-07	2.0780525735495978e-05	0.010788051101824795	0.9891078563901208	
274	0.00026044198466465177	7.057064887772819e-06	6.074042853934131e-05	0.8789146574384068	0.12075710308350145	
399	9.72005057190951e-08	6.367671509343413e-08	1.5705153946779996e-07	0.99902155239204	0.000978129679199732	
351	1.5294087710081456e-06	2.3652874141081825e-06	7.201453343435695e-09	0.9888082815602527	0.01118781654210894	
111	0.0002658672824984977	0.0001729818204486387	0.00013892945597895217	0.9986809231185418	0.0007412983225319836	
588	2.8407343008566393e-08	1.517059961784914e-09	1.8146689697437964e-09	0.9999962446169677	3.7236439605517107e-06	
608	7.873954991735932e-05	5.2759229654894406e-05	8.819518624526216e-08	0.9921632109697205	0.00770520205552122	
454	6.475308330436926e-07	2.3197802111867624e-07	6.753030187782657e-08	0.9933879422686168	0.006611110692227263	
190	0.00017674105356199312	0.42106005743597336	0.5654963857490428	0.01325746823954372	9.347521878117238e-06	
494	3.1359041948766384e-07	5.38965319402419e-08	3.5065076124154885e-07	0.9998570574995416	0.00014222436274558597	
92	0.000296575920368714	4.505445627283033e-06	2.9847031217089757e-06	0.003977251379526666	0.9957186825513555	
454	7.602406570737051e-07	5.334371627548745e-07	6.281740559524752e-07	0.9911505853323236	0.00884749281580077	
339	4.503823795801643e-05	2.8754701684916237e-08	4.7544965709256884e-06	0.024482616466384076	0.9754675620443853	
474	1.86430964769606e-06	2.521351039293413e-05	4.430706869965801e-09	0.8077130860078138	0.19225983174143868	
379	5.867137107485799e-05	1.1459123244519607e-05	9.91058639192904e-06	0.002820257016343358	0.9970997019029454	
315	0.0003229604385772468	0.00013547252422765744	0.0013058801836236783	0.9279456285201569	0.07029005833341444	
490	0.022034082188710606	3.8271034719286157e-07	0.0001494098665817226	0.009338672574761484	0.968477452659599	
391	2.184280297842289e-05	3.262283596747626e-08	4.565359164366176e-06	0.9696675934479394	0.030305965767081822	
473	1.0469786806046693e-05	2.386999563369824e-06	1.835283667785807e-07	0.9965236110303864	0.003463348654877382	
234	4.143440030639687e-06	6.459238641945505e-06	1.1712888941989862e-07	0.9943239383791104	0.0056653418133276725	
228	0.00010405979993480664	6.1792867744569e-05	6.1032156632195645e-05	0.973834442618263	0.025938672557425515	
121	1.3518311694651315e-07	5.650754168203049e-07	4.2404888476331994e-09	0.9998349723739484	0.00016432312702897292	
31	0.00041826937894434333	8.983770985390995e-06	4.597407694494143e-06	2.0901175866393223e-07	0.9995679404306171	
216	0.0008804401046884715	6.117616713240773e-12	7.601109552490093e-10	0.9596500802869553	0.039469478842127516	
29	6.9473914078721e-11	1.9213905328163534e-10	1.533947604002209e-11	0.9999997055480404	2.941750071322034e-07	
523	3.818233200602595e-06	2.1095736127747743e-06	7.406600786915515e-09	0.0157149547582812	0.9842791100283046	
321	4.122477382106186e-05	6.296157682485902e-05	5.757634911153691e-08	0.9636639323105056	0.03623182376249937	
527	0.00022707973716030677	5.424240965284581e-10	8.841583208575388e-09	0.9205702257871002	0.07920268509173216	
228	2.160481788922761e-05	1.227737078893874e-05	6.518483138413626e-06	0.9969772121084647	0.002982387219718816	
205	0.00014079684766938767	2.8727467468114576e-06	1.3821591778406176e-05	0.9979245611014633	0.0019179477123420939	
281	2.226416153293992e-05	0.00020562006548717016	0.00010076974766793634	0.0007764336774558121	0.9988949123478561	
431	0.005081977153503243	7.629430770443886e-13	3.0487318566819346e-09	0.058174778822611364	0.9367432409743905	
256	7.815972761704492e-07	1.8443515156622964e-06	4.078344414192546e-07	0.00022366124086003995	0.9997733049759067	
71	0.0003699899690541199	1.0315752984580746e-05	2.7078775579462685e-06	0.9981858129981712	0.001431173402232067	
338	8.379874242228764e-05	4.347291426925287e-05	2.143032167659825e-05	0.9816448058798015	0.018206492141830264	
369	0.00512426841427072	0.00039574985124085735	1.5664942188042437e-05	0.9928382877079163	0.001626029084384212	
598	5.592505961652464e-05	1.1790923761845599e-05	1.8990050286238962e-07	0.926786052709687	0.0731460414064318	
387	8.108263173453299e-05	2.9414316361991207e-05	1.128818647367649e-06	0.9381897358599831	0.061698638373272996	
134	8.174966085379146e-08	2.4466949430911782e-14	7.511536732978077e-14	0.9999997252962078	1.9295403175360262e-07	
95	1.5627016527023302e-07	3.249478433385015e-07	2.202946185311789e-09	0.9943371151223065	0.005662401456738648	
313	2.80923377355232e-06	1.3942264146828564e-06	2.646092673871047e-10	0.0022344303457121576	0.9977613659294904	
454	5.841257629035216e-05	0.0001228941331968014	3.802509010644301e-06	0.9184689547103686	0.08134593607113343	
304	8.716340625105842e-06	1.9346548274468904e-05	3.978808751419314e-06	0.9711349286580654	0.028833029644283692	
213	3.918857945214322e-06	5.021410810322355e-06	2.3194919184846643e-06	0.9999417719746677	4.696826465828073e-05	
153	5.295305014273036e-10	2.5951988316506526e-08	1.918364372242937e-09	0.9999854484592003	1.4523140916263404e-05	
612	2.2435554515103102e-07	6.061876638779637e-07	2.5139800960691824e-07	0.9991416766664035	0.0008572413923778816	
73	1.3389061375676446e-05	6.163300060287977e-06	9.300427626548667e-06	0.07200036477684182	0.9279707824340957	
292	4.6188075193300634e-07	1.074644671197251e-06	6.616358582946713e-09	0.9977439470266977	0.0022545098315206796	
472	0.0004767634563372031	3.3864581753097975e-07	8.484686616539565e-06	0.0008612043209553528	0.9986532088902733	
610	5.267110942931257e-06	2.6731229098303983e-05	4.0039239889314846e-08	0.8577848057281787	0.1421831558925402	
469	3.3978718680597795e-06	4.43080666231973e-07	4.516155762589809e-08	2.2502552190578015e-08	0.9999960913833559	
450	4.640436448752067e-05	1.3134479260599927e-07	1.9664775155279764e-06	0.998494631471439	0.0014568663417653428	
4	7.587393956856714e-05	6.337554651443825e-06	6.593093476222931e-06	0.9997713421715838	0.000139853240719968	
601	4.333692152148368e-06	1.944793318016886e-06	8.711340000580206e-09	0.9947002177645378	0.005293495038651895	
29	8.127478535415405e-05	1.9392273993210418e-10	1.2083351878209265e-09	0.998199325534327	0.0017193982780608227	
20	3.176602554601604e-06	5.0125870927684955e-06	5.106066280263999e-08	0.9961429649379776	0.0038487948117123536	
306	1.8389884784382985e-06	1.2530263242966454e-05	9.057537702352382e-09	0.9299589642991976	0.07002665739154341	
403	5.317275473245397e-06	5.5597886655668924e-06	1.0645936832945844e-07	0.9990578155979131	0.0009312008785797039	
338	3.168611332050819e-05	2.336436935901529e-05	1.3671772642444316e-05	0.9970376793031667	0.002893598441511324	
601	2.4274305545965525e-06	4.967795932481348e-07	2.2385296807711656e-07	0.9998998921066327	9.695983025151438e-05	
394	2.867550768223608e-07	5.436977888295839e-07	4.099382511532284e-09	0.9997017623440357	0.00029740310371626085	
518	7.980500731701842e-06	9.911976728960297e-06	1.334408687609391e-06	0.9983319090192929	0.001648864094558814	
529	0.00015426455945582234	7.457848115553178e-05	5.040936917866234e-05	0.9119456686183854	0.08777507897182459	
29	2.636144355414798e-09	3.061008046605538e-09	1.2785188411126314e-09	0.9999955615853784	4.431438950272003e-06	
115	1.3067838502575046e-07	2.238022002768997e-07	8.009848216775727e-10	0.9996990691847568	0.0003005755336729786	
20	0.022478009990648015	1.8332066260486948e-07	3.940906539145354e-05	0.8612295499017838	0.11625284772151405	
293	6.75859747286059e-11	1.095263536526815e-10	2.3881814874785265e-12	0.9999617453362069	3.825448429278408e-05	
62	6.361834687844457e-05	1.2829050521349958e-07	3.77961256990456e-06	0.045131362366057345	0.954801111383989	
187	0.00020989625748342886	4.0222358010317494e-07	2.5453613655442416e-07	0.9867523588166977	0.013037088166102174	
271	1.5581962893970939e-06	1.2740817851062451e-06	6.976871042939422e-08	0.9749644650275264	0.025032632925688653	
612	3.7566976058028306e-07	1.4430878658794315e-06	2.676110760437015e-07	0.9998686946587796	0.0001292189725180134	
266	2.886263169977005e-06	9.053924604267506e-09	1.4534129903353973e-09	2.211005384324406e-11	0.9999971032073823	
54	7.680620848561538e-08	1.392039261605435e-07	1.6800849343320298e-08	0.9998731883408348	0.0001265788481810997	
242	1.1825321472788447e-06	1.03096223346458e-07	2.798331626973187e-07	0.9999355149110086	6.291962745812474e-05	
474	1.0619676121055223e-06	2.870316190964999e-06	2.1392736974162637e-08	0.9845145138747036	0.015481532448756328	
205	0.03210950981252575	5.284946607602527e-08	7.857967014294968e-07	0.8261701113901929	0.14171954015111396	
95	2.86589971749242e-07	1.6866483365853962e-06	7.531033301559439e-10	0.9974241130367794	0.002573912971809158	
87	7.124408583140971e-05	4.642088476877467e-07	3.829984742283141e-06	0.9984610672485553	0.001463394472023402	
199	5.361932768504652e-06	5.6323438130476505e-06	8.881898086815041e-07	0.9998494596231962	0.00013865791041347045	
559	1.7209631883662327e-06	1.7459638571291023e-05	4.2933816703467176e-08	0.9161524870593706	0.083828289405053	
205	2.09702231562295e-05	5.124300108565906e-06	1.1864975556900013e-05	0.9995153823678232	0.0004466581333548647	
29	3.934554174977666e-06	1.710744704337583e-07	8.765733184877175e-08	0.9988257443864523	0.00117006232757051	
295	0.0014631280436609598	1.4236742804193828e-07	2.60301091246142e-06	0.005318364346965225	0.9932157622310333	
521	0.00021077307441752643	2.1649850570219498e-05	1.1705887338760948e-05	0.9997249707022975	3.0900485375875504e-05	
21	9.808300110844415e-05	4.291428586699021e-05	1.0283501884218475e-05	0.9998415412646542	7.177946486289822e-06	
492	2.3217309199186734e-08	1.1319443846475298e-07	2.6810399074622545e-08	0.9986021549795081	0.0013976817983450728	
111	7.311861171020585e-07	2.952779130336362e-07	5.5849686964466885e-09	0.9934258625438358	0.006573105407165333	
207	2.3106959243979667e-05	8.054183528481767e-06	4.183245722401157e-07	0.9958475336971963	0.004120886835458905	
508	2.3194400481715395e-05	7.362571880568224e-05	1.2810324078906465e-07	0.9807675831570849	0.019135468620386942	
594	2.6165083709208325e-05	3.5568854120963744e-05	6.698171540159197e-06	0.8761334593973259	0.12379810849330393	
496	1.2866901366795068e-05	1.6000333524976278e-06	8.663059236236798e-07	0.9996754465042008	0.00030922025515638265	
177	1.889497629342375e-06	1.815665592730232e-06	4.714905948056731e-09	0.9987904793391498	0.0012058107827222844	
352	0.0001299149986914888	0.00013790779250647973	5.09862911145125e-05	0.9723076828659634	0.02737350805172405	
283	3.086075559339649e-07	2.6001942229757284e-10	7.182397409802181e-10	0.9999978486323226	1.8417818622882874e-06	
348	8.67512950694191e-06	3.0022336844556688e-05	4.1303704548471675e-05	0.8230083202651958	0.17691167856390436	
58	1.1339246595085288e-06	5.698265651023419e-07	7.850643134842999e-09	0.9996895706154735	0.0003087177826589108	
291	1.366523952171285e-05	1.8202142982008106e-05	5.83987393999446e-07	0.9942368933420076	0.0057306552880947185	
407	4.678844043017867e-06	3.053429890389189e-05	1.6070449103878918e-08	0.9832771226542537	0.016687648132350352	
53	2.6702571034004393e-05	6.622198681763248e-20	1.9222406471745767e-17	0.9946283082001512	0.005344989228814705	
401	0.05593078353968264	0.021061854273933027	0.9119214984985649	0.0011201037182462612	0.009965759969573183	
291	3.1870245253853615e-07	2.5955521824960553e-06	4.513558942585943e-08	0.9993467390546945	0.000650301555080952	
598	0.00013950356523723093	2.0115991228242146e-05	1.6285983938663413e-07	0.9524003561464653	0.04743986143722992	
471	1.6053124516836122e-06	2.068499709589168e-06	1.2746721938272504e-08	0.9897588278989934	0.010237485542123398	
521	0.0001179201176561557	6.479466734896158e-05	9.468402736411869e-06	0.9987311882929948	0.0010766285192636768	
234	0.0009382456164906274	1.9208201167132973e-07	1.3966536191562978e-06	0.5879966244706205	0.411063541177258	
348	2.561379277538532e-05	1.9694068423915725e-07	3.6340621454657763e-07	0.9959478175021236	0.004026008358202219	
567	6.6087779659989015e-06	5.673482209215193e-05	1.9772168263801053e-08	0.8752209617927073	0.12471567483506614	
495	0.0016564901191595443	2.4601999401218127e-08	5.524439622783079e-06	0.6604624374259119	0.33787552341330634	
57	4.6331818502493577e-08	9.307282787210942e-08	5.971628603842889e-10	0.9999882305314812	1.1629466709369098e-05	
71	0.0002006973898830299	6.687641290861648e-05	2.3419133180889933e-06	0.9901793890435289	0.009550695240361371	
586	1.1448132241588567e-06	1.4457782099259013e-06	3.973965455525697e-08	0.9999750757421474	2.2293926763909367e-05	
446	0.00026778925924629283	9.061092084327844e-12	1.3701362352623385e-10	0.9945759661804358	0.005156244414243201	
518	3.846188894575926e-06	7.759623299570604e-06	9.994676249899382e-06	0.9992856732362241	0.0006927262753316446	
291	3.6182937678719917e-06	9.842201061048363e-06	1.5562330182587974e-08	0.9887550401389489	0.011231483803892025	
592	1.4005808287160843e-06	3.0723487960358263e-06	4.762481648378914e-07	0.9998897025477158	0.00010534827449453774	
4	0.00042005279757420224	3.6771294608974306e-06	4.4058963373854874e-06	0.9988598348260505	0.0007120293505772082	
473	2.1563931385072027e-05	2.2107005065413284e-07	1.1162833136431758e-06	0.9953325223581524	0.004644576357098209	
199	9.423019503843709e-05	7.599012089472732e-05	2.799104575408851e-05	0.9750135356546799	0.02478825298363276	
602	5.9695018994322185e-06	6.436931134643837e-06	6.796974268414663e-08	0.9597663487716387	0.04022117682558464	
388	4.913718097531158e-05	6.474471267792892e-05	2.1625447187177598e-07	0.04842949970959876	0.9514564021422762	
283	5.242206204820835e-06	2.4136495899657296e-06	9.009058123099198e-07	0.9999830681297648	8.375108628132004e-06	
609	0.0003054734677908597	1.1085804536241198e-12	1.6324917297054726e-11	0.98548246030365	0.014212066211125536	
25	8.36248248965581e-11	3.173294031549884e-10	1.5912556314751954e-11	0.999965506395651	3.449318748228858e-05	
231	4.536643795677516e-06	8.172750153477788e-06	3.3277954826094353e-07	0.9968261795063293	0.0031607783201732373	
338	0.00019545480320969078	0.0001848539041002734	2.398503803265237e-05	0.8206967377841098	0.17889896847054768	
58	1.1512730681942243e-06	5.0154425847010984e-08	2.2417133144196405e-08	0.9999627282804989	3.604787487406311e-05	
179	3.739603848012618e-06	5.048949357368246e-06	5.399375477418447e-08	0.9986692389019367	0.00132191855110307	
97	0.0001742748646608566	3.318077886097982e-05	0.0001250369966997206	0.9967833368540173	0.0028841705057610747	
142	3.3985138929706e-05	1.1922148197581198e-05	2.0377824019762745e-05	0.991147910577485	0.008785804311368148	
338	1.9464383566645942e-05	6.9338809388313305e-06	1.459853616177237e-06	0.9313207116640049	0.0686514302178733	
423	1.1671600621775563e-05	5.99626135211146e-07	3.8223052920327056e-07	0.9992508624357122	0.0007364841070017402	
454	0.01878710612691125	2.4749468646606287e-05	5.356280571834061e-05	0.8554771095741674	0.12565747202455638	
480	2.2067724413709575e-07	5.781163402025732e-07	7.449240552785088e-07	0.9998428916025125	0.00015556467984780166	
87	5.6847165066887525e-06	4.0919582494395573e-07	3.5984791418082816e-06	0.9995535437398698	0.00043676386865666733	
226	6.340562511077623e-05	1.5273549745366706e-12	1.243201330381783e-09	0.9900512176043985	0.009885375525762057	
540	1.2505289118527565e-05	2.468923266259471e-05	6.654391946458276e-06	0.9997263053155043	0.00022984577076816458	
587	2.7859977342099817e-05	7.359227982050345e-05	7.713481252621692e-08	0.02981081229057515	0.9700876583174498	
324	4.313230320061327e-06	1.960053952269686e-05	9.935377233450136e-09	0.948627591420657	0.0513484848741229	
4	0.0003970268507250684	6.638307545454745e-07	4.889335196004534e-07	0.9970769453342668	0.002524875050733903	
20	1.656928745590234e-05	8.386828068404044e-05	5.150999954027962e-07	0.9943436113918996	0.00555543593996498	
476	0.00010553311173761153	0.00029491658279393875	7.641118812518742e-09	0.00031082550382262975	0.999288717160527	
133	9.639883652314566e-05	0.00010744089596361747	0.0001242943925670742	0.9742049727242593	0.025466893150686856	
173	2.7806610764273905e-06	1.1796792931570932e-07	3.6057098091296415e-08	0.9999947033263177	2.3619875784449465e-06	
140	0.006000028513794985	1.346193087526328e-06	0.00714738980442835	0.04539071508982233	0.9414605203988669	
136	5.1351790091079204e-09	7.183448630766843e-09	1.3689222232550895e-09	0.9999981525327922	1.8337796579746894e-06	
382	9.579279352600905e-07	5.482001676598526e-07	2.2005873202266982e-10	1.9991895830353934e-05	0.999978501756008	
153	4.476954889833787e-07	9.228226070187445e-07	5.19121696841776e-09	0.9995701507557189	0.00042847353496819573	
505	0.15529791523829128	0.030119526319897602	0.028560592782767798	0.7633739587557109	0.022648006903332307	
295	0.0004806516432285517	2.231254583946819e-06	1.1343444339693282e-07	0.0013629650251649873	0.9981540386425792	
182	4.2831245221671294e-05	0.00035827327355857314	1.186362726676364e-07	0.9561251369532695	0.04347363989167766	
266	6.85391107923836e-06	7.235908225151491e-06	3.5732010840172895e-10	2.6825712826209976e-05	0.9999590841105493	
465	0.011808858588904852	1.6483984627752534e-11	1.817935429963381e-09	0.721711511989164	0.2664796275875118	
160	4.048385066292065e-05	1.983481796468085e-05	4.862996433142382e-07	0.9693517019897125	0.030587493042016464	
14	7.896585445367652e-07	2.724380850258366e-06	3.556597166824371e-07	0.9797622160381727	0.02023391426271577	
348	1.9150413660275848e-05	6.794097860566188e-08	4.636883667363807e-07	0.9999571650303455	2.315292664890776e-05	
590	0.0003858155274624086	0.0001950665043600775	3.3933334914959496e-05	0.9869996482009337	0.012385536432329026	
30	6.925411825099972e-06	4.900961538483986e-09	5.876879041025859e-10	0.0016096178987924624	0.9983834512007329	
368	0.00025569403108475553	0.0002325712744723573	0.44831667795205477	0.1529789790130883	0.3982160777292999	
446	0.00017399738743267113	5.108446345590656e-10	1.9256700549413583e-08	0.9955708795410505	0.004255103303971642	
50	2.2078554286818668e-05	3.7893951915584604e-05	5.514209933714744e-05	0.985748448466564	0.014136436927896595	
351	5.282827201820708e-06	9.976780805878208e-06	1.873794317094477e-08	0.9911230539979878	0.008861667656061417	
594	0.00012204137061157732	0.00022093174699609072	7.287762469210467e-06	0.8681298881576752	0.13151985096224786	
158	8.297146217281308e-07	1.920645446229286e-06	2.676866556164063e-08	0.9996610465378407	0.00033617633342574506	
450	2.5776474331948e-05	1.9903876624864158e-07	7.284266701361491e-07	0.9998333791873028	0.00013991687292908543	
174	0.0005414795852620851	7.868965925748696e-06	1.3970378019668024e-05	0.17437579801995384	0.8250608830508386	
229	3.6444475161102117e-07	9.932328078777887e-07	8.77006191681733e-08	0.9989677444601408	0.0010308101616806058	
610	0.007224423585734577	8.191737554441202e-05	0.0007091406341718818	0.8968244705550912	0.09516004784945785	
71	0.0008160901070080879	4.7722569772506094e-05	1.5815066970769545e-06	0.9941834858290128	0.004951119987509508	
606	0.016982352664143253	5.331541862225447e-07	6.418069082740919e-06	0.16350742130373627	0.8195032748088514	
291	9.406178572718457e-06	5.981261400411063e-06	2.1479234366451078e-08	0.9690614957229245	0.030923095357867844	
496	9.39498262313714e-05	6.204902012285106e-05	3.54991705253046e-06	0.9726686913296787	0.027171759906914523	
602	7.455123942721843e-05	3.829821764869321e-05	4.82293016540166e-06	0.9092223403581838	0.0906599872545749	
14	3.91781114761912e-06	1.5505581097128657e-06	6.8846385062128245e-06	0.9873317902605033	0.01265585673173316	
31	0.00012282546924316515	0.000140109344917471	6.694882720926173e-07	4.906560909275159e-07	0.9997359050414764	
183	0.043658780966343486	3.4005196101639606e-13	1.1692442334023732e-10	0.30942464748181137	0.6469165714345806	
98	4.9512476665192116e-05	0.00011874484708306313	5.60772379315889e-06	0.9991498817892949	0.0006762531631637124	
225	0.8079661956897923	0.0006459138992294114	0.024031303373818785	2.834741745747096e-06	0.16735375229541377	
480	4.687395221741657e-09	2.053325350931655e-08	2.3525834361684057e-09	0.999976141309973	2.383111679474405e-05	
448	6.852121570297747e-05	9.54413527087639e-05	0.0012028949039704473	0.00030460562201481027	0.998328536905603	
450	2.061017580399042e-05	2.0131255023105403e-09	8.117979752465137e-08	0.9997201742516267	0.00025913237964632975	
232	1.1487175784045904e-05	2.016189319966739e-05	6.69106541089964e-07	8.828864343195064e-07	0.999966798938041	
401	0.018312116148924175	0.9424845218539667	0.03544774732295042	8.402046393832379e-05	0.0036715942102203505	
177	4.162990596652916e-07	5.177879988437598e-07	1.7148290355992825e-09	0.9993668898322338	0.0006321743658785601	
568	0.00010142496501287364	0.00019510913132069196	0.0002380621479692682	0.40211934874980915	0.5973460550058881	
338	7.282469225116913e-06	2.233505578736777e-05	6.274042297148237e-09	0.916726639645558	0.08324373655538714	
205	9.010561974333234e-05	7.404702771200148e-08	1.506749053024678e-07	0.9989603203583317	0.0009493492999919689	
471	1.7999460462028904e-07	2.4879153143146925e-07	1.5940660279121843e-09	0.9998816692028215	0.00011790041697640512	
235	0.9605737939312465	0.03851884402085861	0.0006344306262822303	1.5873805246335086e-06	0.00027134404108788003	
451	2.0659334533278315e-06	3.662625533039958e-08	2.2671793230235903e-08	0.9999905155965434	7.35917195472797e-06	
622	2.5287517077522204e-06	7.972843302021385e-06	4.603277480639465e-09	0.6168409101170036	0.3831485836847092	
490	2.6062990236723964e-05	9.701350820414037e-06	1.3584951979447619e-07	0.0012812353618298882	0.998682864447593	
182	2.08971013926676e-06	6.483225742595298e-06	3.873315752121479e-08	0.9530415743053278	0.046949814025632794	
78	4.246823524481231e-05	4.545040775444773e-05	9.005167976278134e-08	0.9780005523269165	0.021911438978404554	
72	2.590684065029879e-06	4.472177287924594e-07	2.691405776006539e-07	0.9999890819499444	7.611007684217226e-06	
469	9.708771779851537e-07	8.472130603079588e-07	8.840782512764255e-09	3.0758918795849717e-07	0.9999978654797912	
366	5.42756812192863e-08	2.2339521615550934e-06	8.09796215753477e-09	0.9976293573821046	0.0023683462920904646	
375	2.5058518454400174e-07	6.678610552748823e-07	5.531743766161977e-08	0.9999899568506702	9.06938565243002e-06	
297	0.0026024093997553503	5.548904435714799e-06	0.0002552287698997584	0.996981027885249	0.00015578504066029197	
495	2.9341955102072185e-05	9.969605911214476e-07	1.7649462887438235e-05	0.9911740090728689	0.008778002548550426	
552	0.0004868528667752299	1.3433303628643851e-09	4.1480925642244603e-07	0.017596345502557256	0.9819163854780807	
495	5.902811825211917e-07	4.2806053807976405e-06	1.2921606269777669e-07	0.9930677316530385	0.006927268244335461	
612	0.00019760441453758992	2.9941404185107373e-06	1.6611518393544598e-06	0.9903860471550124	0.009411693138192094	
390	1.8938135939584016e-05	1.2719463102693591e-05	9.050803444268799e-09	0.9935021130863134	0.006466220263840779	
602	3.60718535518955e-07	4.434323352411973e-07	1.499139378976916e-09	0.9990461312012793	0.0009530631487106605	
432	0.00010297851710299397	1.3835747744399486e-06	1.123548083137698e-05	0.0007660173443030002	0.9991183850829881	
303	5.12435580014205e-06	3.713549972850737e-06	2.099430291296138e-06	0.9995162292002995	0.00047283346363626776	
375	2.843732333962934e-07	5.825868400041869e-07	8.76436774757105e-08	0.9999898630757653	9.18232048385959e-06	
291	1.1489718884607067e-07	1.478885970563558e-06	2.826777198700422e-09	0.999994201660606	4.201729457142078e-06	
292	2.319474236656833e-06	4.658377774018558e-06	1.3754793533555197e-08	0.9788780197157487	0.021114988677446978	
281	8.73893485299649e-05	8.355116143170767e-05	0.0012950323506008632	0.00010487704592914141	0.9984291500935083	
242	1.861650126110589e-11	3.5145635066115e-11	3.332717790032835e-12	0.999999997295915	2.646990145506416e-09	
25	1.973616928240421e-05	1.0049174594193153e-05	7.374250982173756e-06	0.9987265586599203	0.001236281745220899	
78	5.8688034630651995e-05	3.932904509100169e-05	7.325979166712982e-08	0.9465455999983731	0.05335630966211363	
242	1.2421689667604837e-13	2.4352671027135843e-13	1.1337430869818523e-14	0.9999999979185497	2.081071339689116e-09	
324	5.968087471367825e-06	1.1553465963901605e-05	1.2331299586555462e-08	0.9731284842043246	0.02685398191094057	
203	0.00038683237441742863	1.643591395067323e-05	2.827192747068557e-06	0.014537453276564938	0.9850564512423198	
194	4.074093507061799e-06	4.392397371865021e-05	2.4456238900690784e-08	0.9919768943284695	0.007975083148065873	
423	0.0005790847321182858	2.2486806011302217e-05	3.2137207742523985e-06	0.982170015522867	0.017225199218228973	
231	4.255253617059318e-08	1.789943152317081e-08	4.146404319337717e-09	0.9973887539522096	0.0026111814494185256	
476	0.0012072064526380745	0.0010822972639834949	4.988138761675984e-08	0.0006668172956002182	0.9970436291063905	
9	2.9045319543992582e-05	3.691609648212723e-05	0.0001221119221848078	0.076571262024736	0.923240664637053	
490	0.0005132239607978429	4.596721516955307e-06	3.738633876127738e-05	0.010758388954853936	0.9886864040240699	
465	2.6210425750868518e-05	4.034866764047935e-06	9.855471032694574e-06	0.9987863178066678	0.0011735814297845542	
397	7.318980977700289e-08	6.245664236263927e-07	3.1626948524086208e-09	0.9996207409778842	0.00037855810318761273	
256	0.00013782649226753185	4.966579201069744e-06	4.5991403784287447e-05	0.0027123297168257987	0.9970988858079213	
31	2.143765700757133e-06	1.2895474921030697e-05	2.6943685727423353e-06	2.9272985283500793e-07	0.9999819736609525	
235	0.9594668019963167	0.011179465094662236	5.506324511057563e-06	0.003917941258438332	0.025430285326071667	
31	7.73689175936887e-06	3.8342370699596324e-05	1.7393834905701577e-07	7.067664629242322e-07	0.999953040032729	
25	8.28641141399586e-08	1.5119177922627695e-07	5.666842321471719e-10	0.9995367890979024	0.00046297627951990395	
31	0.08067219013088892	0.03774892365296333	0.0006963936475053022	0.07998361238550954	0.8008988801831329	
265	2.268468513144168e-06	7.4119502924217335e-06	4.190951064201707e-09	0.0017016959548325674	0.9982886194354109	
508	1.124835434473034e-05	3.801455916846986e-05	9.78870240646662e-07	0.9908935385804925	0.00905621963575373	
21	0.3764727913889378	0.2954572934019515	0.006286426696530674	0.0385467239943056	0.2832367645182744	
382	1.538331540445045e-05	5.3185456754819066e-05	6.1028276672071945e-09	0.0001980320169526485	0.9997333931080604	
281	0.00011264194832012298	2.6473133866215678e-05	0.0008200914519372739	0.00019483362353702388	0.9988459598423393	
124	5.806942037861317e-06	4.5974455581294264e-11	7.174467096502567e-08	8.323476373133894e-06	0.9999857977909435	
90	0.022513795608156008	5.6808035480810685e-08	3.4339121833315684e-05	0.2755516118935715	0.7019001965684036	
525	0.0001378856911968609	0.00044543400968789705	5.679801154352237e-07	0.0625152906187555	0.9369008217002442	
241	5.380101532854468e-07	1.5797542474009026e-07	3.26398974125635e-07	0.9999602363454198	3.874127002799887e-05	
266	4.666413567287764e-05	0.0005718473448244469	4.550243558783168e-08	0.002693151228447874	0.9966882917886192	
100	0.00022061969064543786	1.0464502298573839e-05	5.207933260853213e-06	0.9996510612591746	0.00011264661462056373	
338	0.00012066753312573288	4.343689052053847e-05	2.2328277774937777e-05	0.9897449960573579	0.010068571241220792	
415	8.681512530919813e-08	1.4205368661907744e-07	4.087317120240486e-08	0.9999314976040482	6.823265396872311e-05	
598	4.290990686405804e-05	3.642545883765296e-05	1.2708250880603493e-06	0.8427657586350512	0.15715363517415903	
492	5.511490596258654e-07	1.3986703252212756e-06	6.361241398079204e-07	0.9985314686046055	0.0014659454518698518	
235	0.9920798343972485	0.006783183121778591	0.0010758683253818669	1.1622377237288691e-07	6.0997931818950626e-05	
233	0.0005866078036990405	1.7535898535896279e-06	7.009270251816319e-06	0.9973635641380421	0.0020410651981536097	
423	2.0570292913546284e-05	1.059190802405113e-06	5.939399928856975e-09	0.9932540155492204	0.006724349027663618	
241	5.811495561796773e-07	8.47408089275331e-15	7.498704564336194e-14	0.9976186320387765	0.0023807868115838563	
263	0.001010075700990681	2.2456546888674662e-06	3.784480212363661e-05	0.7851382508251794	0.21381158301701741	
393	3.5002159987300495e-05	7.376527260798489e-05	0.0003528074713141183	0.8304623155435771	0.16907610955251345	
505	0.0003625528180514149	0.0001867772845902624	0.0007472364955844856	0.9984836384765644	0.0002197949252095778	
451	2.4708629938954266e-05	6.668299941128476e-07	7.63803062727433e-07	0.999954505948769	1.9354788235277008e-05	
363	1.1251743329078489e-05	2.6512267279472995e-05	1.2014519772133329e-08	0.9542538087320411	0.045708415242830355	
424	0.0014490511916732775	0.0018532966693692917	0.00019212801497022668	0.9942470071107469	0.0022585170132402993	
497	0.0006095306009885336	7.393420204183118e-09	4.558881384324715e-08	0.9989086737630155	0.0004817426537620282	
229	4.5007538263843874e-07	1.6757673969280102e-06	3.577422803295889e-08	0.9994944308651634	0.0005034075178288726	
135	2.3943818200984e-07	2.610746417755032e-07	3.872078945638824e-10	0.9999106397006143	8.885939935404507e-05	
57	2.4845320272492957e-09	3.635062128240653e-09	4.184019956004109e-11	0.9999941125733696	5.881265196157766e-06	
141	0.0001581399300785723	9.165401459236908e-05	0.00013981690955140947	0.8728943832714812	0.12671600587429638	
414	0.00015991917920825862	8.755472756060112e-13	4.006082560066808e-11	0.9996314318644154	0.00020864891543989538	
471	5.512767162377004e-07	6.956810459384881e-07	2.535604558569055e-07	0.9999227114150764	7.578806670559137e-05	
366	1.5224372238486088e-08	7.81982979723958e-07	9.246519241523529e-11	0.9900976317218215	0.009901570978361323	
67	1.414161466822925e-09	2.592744245546029e-09	1.0159680500972756e-09	0.9999994133594483	5.816176778876679e-07	
54	0.0002888003751137408	4.3902981419742455e-06	1.0710953832232276e-05	0.9975687638955147	0.0021273344773971464	
606	0.00035407441779487764	3.902708642031643e-06	8.71621259259391e-06	0.04047950792324295	0.9591537987377275	
4	0.0008767173268122927	1.3965218896976187e-09	8.04621194593206e-09	0.9979747087739833	0.001148564456470661	
188	7.654992555323365e-07	2.279756985391522e-06	4.271746049763136e-08	0.9994980387182704	0.0004988733080283234	
377	4.132111716701764e-05	4.0317779413463885e-05	6.93690497563125e-06	0.879043115429589	0.12086830876885489	
205	2.7325988236673675e-06	3.018832468119187e-06	8.4786838903948e-07	0.999726115537954	0.00026728516236520405	
31	0.00040974522919235215	0.0020065689516332724	1.5175846515315138e-06	0.0012334037878404577	0.9963487644466824	
403	5.621854652789642e-07	1.9565309368834403e-06	3.318763196739895e-09	0.9990044715904443	0.0009930063743903636	
266	2.882107904750959e-06	0.004941897749153293	3.1500862381103294e-06	0.00022508698923729296	0.9948269830674665	
156	1.6198391292212864e-05	5.2193723383058574e-06	1.473864161670834e-06	0.9959916050432964	0.0039855033289113925	
98	2.4940155011255827e-05	6.557798592153494e-05	1.2266669910375363e-06	0.9994441292936642	0.0004641258984119545	
153	3.250561452147812e-10	5.356731686521302e-09	2.4501396013956625e-11	0.9997720457794014	0.0002279485143093074	
169	0.0002226029811869352	3.679467125174867e-08	1.178578509047694e-06	0.9819562292068796	0.0178199524387531	
252	1.591812685924891e-07	7.052177718101902e-07	4.9009241000854495e-09	0.999841911342882	0.00015721935715338656	
206	0.01735775570415187	3.380081416184612e-06	0.00036520735184315746	0.30460782397467584	0.677665832887913	
392	1.944949208450548e-05	5.3831130075875255e-05	0.0001611003937313888	0.9915685952449236	0.008197023739184737	
45	2.0630087108072777e-05	2.291222821218676e-05	2.6662275816866925e-05	0.9997592000103579	0.0001705953985049964	
524	1.2509892300954605e-07	7.870533232488645e-07	1.086571367806265e-08	0.999794665701304	0.00020441128073600827	
395	9.293825998558009e-07	6.378914332255216e-06	3.940773527450335e-09	0.9812692267835428	0.018723460978751664	
601	5.809526083548392e-05	2.082913773795949e-07	2.216270057296646e-07	0.9984096267075748	0.0015318481132065508	
